0,13991
0,41973
0,13991
0,55964
0
-0,27982
0,41973
0,27982
0,27982
0,27982
0,27982
0,41973
0,13991
0,13991
0
0,13991
0,27982
0,55964
0,27982
0,27982
0,13991
0,55964
0,41973
-0,13991
-0,13991
0,13991
-0,27982
-0,13991
0
0,27982
0
0,69955
0,27982
0,69955
0
0,13991
0,41973
0,13991
0,13991
0,69955
0,27982
0,27982
0,41973
-0,27982
0,13991
0,13991
0
0
0,41973
0
-0,13991
0,13991
0,13991
0,13991
0,13991
-0,13991
0,27982
0,13991
0,41973
0,55964
0,55964
0,55964
0,41973
0,27982
0,55964
0,41973
0,27982
0,69955
0,69955
0,55964
-0,13991
0,27982
-0,13991
-0,41973
0,27982
0,55964
-0,13991
0,13991
0,27982
0,13991
0,27982
0,27982
0,13991
0,27982
0,27982
-0,41973
0,13991
0,13991
0
0,13991
0,41973
0
0,27982
0,13991
0,13991
0,55964
0,41973
0,55964
0,27982
-0,13991
0,27982
-0,13991
0,13991
-0,13991
-0,13991
-0,13991
0
0
0,27982
0,13991
0
-0,27982
-0,27982
-0,27982
0,13991
0
0,55964
0,13991
0
-0,13991
0
0,13991
0,13991
0,55964
0,13991
0,27982
0,41973
0,41973
0,13991
0,41973
0,13991
-0,13991
0,41973
0,27982
0,69955
-0,13991
0,27982
0,13991
-0,55964
0,13991
0,13991
0,13991
0,13991
0,13991
0,13991
0,27982
-0,13991
0,13991
0,13991
0,13991
0,27982
0,27982
0
0
0,41973
0,41973
0,41973
0,27982
0,13991
0
0,41973
0
0
0,13991
0,55964
0,27982
0,41973
0,27982
0,27982
0
0,27982
0,13991
-0,27982
0
-0,13991
0,13991
-0,55964
-0,13991
-0,13991
0,13991
-0,13991
0
0
0
0,13991
-0,13991
0,27982
-0,13991
0,13991
0
-0,27982
0
0
0,27982
0,27982
0,13991
-0,13991
0
0,41973
-0,13991
0,13991
0
0,27982
-0,41973
-0,13991
-0,41973
0
0,13991
0,13991
0,41973
0,27982
0
0
0,13991
0
0,27982
0,13991
-0,13991
0
-0,27982
-0,13991
-0,13991
-0,27982
-0,27982
0
0,27982
0,41973
0,27982
0,27982
0,13991
0,27982
0
-0,27982
0,13991
-0,13991
-0,55964
0,13991
-0,41973
-0,13991
-0,55964
-0,41973
-0,41973
0
-0,13991
0,13991
0,27982
0,55964
0,69955
0,13991
-0,13991
0,13991
0,13991
0,41973
-0,13991
-0,27982
-0,69955
-0,83946
-0,55964
-0,83946
-0,27982
-0,55964
0
-0,55964
0,13991
0,27982
0,13991
0,27982
0,27982
0,97937
0,55964
0,55964
0,27982
0,27982
0,55964
0,27982
0,55964
0,55964
-0,13991
0
0,13991
0,13991
-0,13991
0,13991
0,13991
-0,41973
-0,13991
0,27982
0,41973
0,27982
0,83946
0,69955
0,55964
0,41973
0,27982
0
0,13991
0
-0,27982
-0,83946
-0,41973
-0,41973
-0,41973
-0,27982
0
-0,13991
0,41973
0,41973
0,13991
0,13991
-0,41973
-0,13991
-0,27982
-0,27982
-0,13991
-0,55964
-0,69955
-0,27982
-0,13991
-0,27982
0,27982
0
0,41973
0,27982
0,41973
0
0
-0,69955
-0,27982
-0,41973
-0,13991
-0,55964
-0,13991
-0,27982
0
0
0
0,27982
0,27982
0,41973
0,41973
0,27982
0,55964
-0,13991
0
-0,13991
0
-0,27982
0,41973
-0,13991
0,27982
0,55964
0,13991
0,41973
0
0,55964
0,41973
0,27982
0,41973
0,13991
-0,27982
0
-0,41973
0
-0,13991
-0,13991
0
0,13991
0
0,13991
-0,27982
0
0,41973
0,41973
0,27982
0,13991
0
0,13991
-0,13991
-0,13991
-0,27982
-0,55964
0
-0,27982
0
0
-0,27982
-0,13991
0,13991
0
-0,13991
0,41973
-0,13991
-0,13991
-0,13991
0
0
-0,41973
-0,41973
0
-0,13991
-0,41973
0
0
0
0,27982
0
0,27982
0,27982
-0,13991
0
0
-0,41973
-0,55964
-0,27982
-0,41973
0,13991
0,27982
0,41973
0,41973
0
-0,13991
0
0,83946
0,55964
0,27982
0,13991
-0,55964
-0,13991
-0,27982
-0,13991
-0,27982
-0,41973
-0,41973
-0,41973
-0,27982
0,41973
0,55964
0,41973
0,41973
0,55964
0,83946
0,13991
0,27982
-0,55964
-0,55964
0
-0,27982
-0,27982
0,13991
0,41973
0,13991
-0,27982
0,27982
0,13991
0,27982
0,55964
-0,13991
0
0,41973
0
-0,13991
-0,55964
-0,13991
0,13991
0,27982
-0,13991
0
0,55964
0,13991
-0,13991
0
0,27982
-0,13991
0
-0,13991
-0,27982
-0,13991
-0,13991
0
0,27982
0
0,55964
0,41973
0,55964
0,55964
0,13991
0,41973
0,27982
-0,13991
-0,41973
-0,13991
-0,13991
-0,13991
0
-0,41973
0
0,41973
-0,13991
0,27982
-0,13991
0,27982
0,41973
0,13991
0
0
0
0
-0,13991
0
-0,27982
-0,55964
-0,55964
0
-0,13991
-0,13991
-0,27982
-0,13991
0,41973
0,13991
-0,13991
0
0,55964
0,41973
0,13991
0,13991
-0,27982
-0,27982
-0,13991
-0,41973
-0,13991
-0,41973
-0,13991
-0,13991
-0,27982
-0,27982
0,27982
0,69955
0,13991
0,27982
0,27982
0
-0,13991
0
-0,27982
-0,55964
-0,27982
-0,27982
-0,27982
0
-0,13991
0
-0,27982
0,13991
-0,13991
-0,13991
0,13991
0,27982
0,13991
-0,27982
-0,27982
-0,13991
-0,13991
-0,41973
-0,55964
0,13991
-0,13991
-0,27982
-0,13991
0
0
0,27982
0
0
-0,27982
-0,69955
-0,69955
-0,41973
-0,83946
-0,13991
0
-0,13991
0,13991
0
-0,27982
0,55964
0,55964
0,41973
0,27982
0,13991
-0,27982
-0,27982
-0,13991
-0,41973
-0,69955
-0,41973
-0,55964
-0,55964
-0,27982
-0,13991
0
0
0,13991
0
0,27982
0,55964
0,13991
0
0,41973
0
-0,13991
-0,41973
-0,55964
-0,13991
0
0
-0,27982
-0,27982
-0,27982
-0,27982
-0,13991
-0,13991
-0,55964
-0,13991
0,13991
0
0,27982
0
0,27982
0,13991
-0,13991
-0,27982
0
0,13991
0
-0,13991
-0,27982
-0,13991
0
0
0
-0,13991
0,69955
0,27982
0,27982
0,13991
0
0,13991
0
-0,13991
-0,13991
-0,27982
-0,27982
-0,27982
-0,41973
-0,27982
-0,27982
0,27982
0,13991
0,27982
0,41973
0,13991
-0,13991
-0,27982
-0,13991
-0,41973
-0,55964
-0,13991
-0,13991
0,13991
0
-0,41973
0,13991
0
0
0
0,27982
0,13991
-0,27982
-0,13991
-0,13991
-0,13991
-0,27982
-0,27982
-0,13991
0,13991
-0,13991
0,13991
0,13991
-0,27982
-0,27982
0,13991
-0,27982
0,13991
0
0
0
0
-0,41973
-0,27982
-0,27982
0,27982
0,13991
-0,27982
0
0,27982
0
0,27982
-0,13991
0,13991
0
0,13991
-0,13991
0,27982
-0,13991
0,13991
-0,27982
-0,55964
-0,55964
-0,55964
-0,13991
-0,13991
0
0,27982
0,41973
0,27982
0,69955
0,41973
0,13991
0,41973
0,27982
0,13991
-0,13991
-0,27982
-0,55964
-0,69955
-0,83946
-0,55964
-0,41973
-0,13991
0,27982
0,41973
-0,13991
0,55964
0,41973
0
-0,13991
-0,41973
-0,83946
-0,83946
-0,83946
-0,69955
-0,69955
-0,55964
-0,27982
0
0,27982
0,55964
0,55964
0,55964
0,55964
0,27982
0
-0,13991
-0,41973
-0,69955
-0,55964
-0,83946
-0,41973
-0,27982
-0,13991
0,13991
-0,13991
0,41973
0,41973
0,41973
0,83946
0,27982
0
0
-0,41973
-0,13991
-0,41973
-0,55964
-0,55964
-0,55964
0,13991
0,13991
0,13991
0,13991
0,41973
0,55964
0,13991
0,13991
-0,27982
-0,27982
-0,55964
-0,41973
-0,55964
-0,55964
-0,41973
-0,13991
0
0,27982
-0,41973
-0,27982
-0,55964
0,13991
0,13991
-0,41973
-0,13991
-0,41973
-0,27982
-0,13991
-0,13991
-0,41973
-0,69955
-0,55964
-0,41973
-0,41973
-0,27982
0,13991
0
0
0,13991
0,27982
0,13991
-0,27982
-0,27982
-0,27982
-0,55964
-0,41973
-0,41973
-0,55964
-0,13991
0,13991
0
-0,27982
0
0,13991
-0,13991
0
0,27982
0,13991
0
-0,27982
-0,27982
0
-0,41973
-0,55964
-0,13991
-0,13991
-0,27982
-0,27982
0,13991
0
0
0,27982
0,41973
0,41973
-0,13991
-0,27982
0,13991
-0,13991
-0,13991
-0,27982
-0,41973
-0,27982
-0,27982
-0,41973
0,13991
-0,13991
0
0,27982
0,55964
0,55964
0,41973
0,13991
-0,13991
-0,13991
-0,13991
-0,27982
-0,41973
-0,27982
-0,41973
0
-0,13991
-0,13991
-0,27982
-0,41973
0,13991
0,41973
-0,13991
-0,13991
0
0,13991
0,13991
0,13991
0,27982
0
-0,27982
-0,55964
-0,55964
-0,55964
-0,69955
-0,27982
-0,55964
-0,55964
-0,55964
-0,27982
-0,13991
0
0
0,27982
0,13991
0,13991
0,13991
0
-0,27982
-0,27982
-0,41973
0
0,27982
0,13991
-0,27982
0
-0,13991
0
-0,27982
-0,13991
-0,27982
-0,55964
-0,27982
-0,55964
-0,41973
-0,13991
-0,41973
0,13991
0,27982
0,55964
0
0,83946
0,41973
0,69955
0,13991
0,27982
0,55964
0,55964
-0,13991
-0,41973
-0,55964
-0,83946
-0,69955
-0,83946
-0,41973
-0,41973
-0,27982
-0,27982
0,41973
0,55964
0,55964
0,41973
0,27982
0,41973
0,13991
-0,41973
-0,55964
-0,69955
-0,69955
-0,83946
-0,97937
-1,25919
-0,83946
-0,27982
0
0,41973
0,41973
0,13991
0,69955
0,27982
-0,13991
-0,13991
0
0,27982
0
-0,41973
0
-0,55964
-0,27982
-0,13991
-0,27982
-0,27982
-0,55964
-0,27982
0,13991
0,13991
0,13991
0
0,13991
0,41973
0,41973
0,55964
0,41973
0,13991
0,13991
0,13991
0,41973
0,13991
-0,27982
-0,55964
0
-0,13991
-0,27982
-0,69955
-0,41973
-0,27982
0
0
0,69955
0,55964
0,27982
0,83946
0,41973
0,13991
-0,27982
-0,27982
-0,13991
-0,55964
0
-0,41973
-0,27982
-0,27982
-0,27982
-0,27982
-0,27982
-0,27982
0
0
0
0,27982
0,13991
0
0
0,41973
0,55964
0,27982
0
-0,27982
0
0,27982
0,41973
-0,13991
0
0
0,13991
-0,13991
-0,13991
0
-0,27982
-0,27982
-0,13991
0,13991
-0,13991
-0,27982
-0,13991
0,27982
0,13991
0,27982
0,13991
0
0,13991
-0,27982
0,13991
0,13991
0,27982
-0,27982
0,27982
0,13991
0,13991
0
-0,13991
-0,13991
-0,13991
-0,27982
0,13991
-0,27982
-0,55964
0
0
-0,41973
0
0
-0,27982
0,41973
0,27982
0,41973
0,27982
0,13991
0
0
-0,13991
-0,13991
-0,55964
-0,41973
-0,69955
-0,69955
-0,27982
-0,27982
-0,41973
0
-0,27982
-0,27982
-0,55964
-0,13991
0,13991
-0,13991
-0,41973
-0,41973
-0,41973
-0,27982
-0,41973
-0,55964
-0,13991
0,13991
0,27982
0,13991
0,13991
0,27982
0,13991
0,13991
0,27982
-0,13991
0,13991
0,27982
0
0,13991
0
0
0
-0,13991
-0,27982
-0,27982
-0,41973
-0,55964
-0,55964
-0,27982
0
-0,13991
-0,13991
-0,41973
-0,13991
0,27982
0,27982
0,13991
0,41973
0,27982
0,41973
0,69955
0,27982
0,41973
-0,13991
0,13991
-0,13991
-0,27982
-0,13991
-0,27982
-0,27982
-0,41973
-0,69955
-0,97937
-0,55964
-0,69955
-0,41973
-0,27982
0,13991
0,55964
0,55964
0,69955
0,69955
0,41973
0,69955
0,27982
-0,13991
0
-0,13991
-0,55964
-0,55964
-0,97937
-0,97937
-0,27982
-0,13991
-0,27982
0,13991
0
0
0,13991
0,69955
0,27982
0
0,27982
0,13991
0,13991
0,41973
0,13991
0
0,13991
0,27982
0
-0,13991
-0,27982
-0,41973
-0,13991
-0,41973
-0,41973
-0,83946
-0,41973
-0,27982
0,27982
0,41973
0,41973
0,41973
1,11928
0,55964
0,55964
0,69955
0,13991
0
-0,13991
-0,41973
-0,27982
-0,69955
-0,83946
-0,27982
0,13991
0
0,13991
0,41973
0,41973
0,55964
0,41973
0,69955
-0,13991
-0,13991
0
-0,83946
-0,69955
-0,83946
-0,69955
-0,13991
-0,13991
-0,13991
-0,27982
-0,13991
0,13991
0,41973
-0,27982
0,13991
0,13991
-0,13991
-0,13991
0
-0,55964
-0,13991
-0,13991
-0,27982
0,13991
-0,13991
0,27982
0
0,27982
0,41973
0,41973
0,13991
-0,13991
0,13991
0
-0,41973
-0,41973
-0,41973
0
-0,41973
-0,55964
-0,27982
-0,13991
0,27982
0,41973
-0,13991
0,27982
0,13991
0,55964
0,55964
0,83946
0,27982
-0,41973
-0,41973
0
-0,27982
-0,41973
0
-0,41973
-0,55964
-0,69955
-0,13991
-0,41973
0
0
0,13991
0,13991
0,27982
0,55964
0,27982
0,13991
0,13991
0,27982
-0,13991
-0,13991
-0,41973
-0,27982
-0,13991
-0,27982
-0,27982
-0,13991
-0,13991
0,27982
-0,41973
-0,13991
-0,13991
0
0
0
0,27982
0,41973
0,13991
0,13991
0,27982
0,27982
0,13991
0
-0,13991
0
0,27982
0
0
-0,13991
0,13991
0,13991
0
-0,13991
0,13991
0,13991
0,27982
0,13991
0,13991
0,27982
0,41973
0,13991
0
0
0,13991
0,27982
0
0,27982
0,41973
0,13991
0,13991
-0,13991
-0,13991
0
-0,27982
-0,13991
-0,27982
-0,27982
-0,13991
-0,13991
0,13991
0
0
0,41973
0,69955
0,27982
-0,13991
0,13991
-0,13991
-0,13991
0
0
-0,13991
-0,27982
-0,13991
0,13991
0,41973
0,27982
0,41973
0,41973
0,41973
0,41973
0,13991
-0,27982
-0,27982
0,13991
-0,27982
-0,27982
-0,13991
-0,13991
-0,55964
-0,55964
-0,41973
0,13991
0,41973
0,27982
0,69955
0,55964
0,41973
0,41973
0,55964
0,41973
0,27982
-0,27982
0,27982
-0,13991
-0,69955
-0,69955
-0,27982
0
0,13991
0,13991
-0,13991
-0,41973
0,13991
-0,13991
0,13991
-0,41973
0
0,27982
0,41973
0,13991
0,13991
0,13991
0,13991
0
0,13991
-0,13991
-0,13991
-0,27982
-0,13991
-0,41973
-0,55964
-0,41973
-0,41973
-0,13991
0,13991
0,41973
0,27982
0,13991
0,69955
0,27982
0,41973
0,27982
0,27982
0,13991
-0,27982
-0,27982
-0,13991
-0,27982
-0,27982
-0,55964
0,27982
0,13991
0,13991
0,27982
0
-0,13991
-0,13991
0
0
0
0,69955
0,13991
-0,13991
-0,41973
-0,41973
-0,27982
-0,13991
-0,13991
0
0
0
0,13991
0,13991
-0,27982
-0,13991
-0,13991
0,13991
0,13991
0,27982
0,55964
0,41973
0,27982
0,13991
0,27982
0,27982
0,27982
0,13991
-0,13991
-0,13991
0
0,13991
-0,13991
-0,27982
-0,13991
0,13991
-0,13991
-0,13991
0,41973
0
0,41973
0,13991
0,55964
0,69955
0,41973
0
0,41973
0,27982
0,27982
0,13991
0
0
0,27982
0,41973
0,13991
0
0,41973
0,27982
0,13991
-0,27982
0,27982
0
0,13991
0,27982
0,13991
0,55964
0,41973
0,13991
0,13991
0,13991
0,41973
0,13991
0,13991
0
0,13991
0,13991
0,13991
0,27982
0
0
0,27982
0,13991
0
0,13991
0,27982
0
0,13991
-0,27982
-0,13991
0,13991
0,27982
0
0,13991
-0,13991
0,13991
0,41973
-0,13991
0,13991
0
0
-0,13991
0,13991
0
0,13991
0,41973
0,13991
0,13991
0,13991
0,55964
0,13991
0,13991
0
0,13991
0
0
0,13991
0,27982
0,27982
0
-0,13991
-0,13991
0,13991
0,27982
0,27982
-0,13991
-0,27982
0
0,13991
0,27982
0,27982
0,41973
0,83946
0,55964
0,27982
0,27982
0,41973
0,13991
0,13991
-0,13991
-0,13991
0,13991
0,13991
0,41973
0,13991
0,41973
0,27982
0,27982
0,13991
0,41973
0,27982
0,27982
0,83946
0,55964
-0,27982
-0,13991
-0,13991
0,13991
0
0,13991
-0,13991
0,13991
-0,27982
-0,55964
-0,13991
-0,27982
0,41973
0,41973
0,13991
0,13991
0,27982
0,27982
0,13991
0,27982
0,13991
-0,27982
0,27982
0,13991
0,55964
-0,27982
-0,27982
-0,27982
0
0,13991
-0,13991
0
-0,13991
-0,13991
0
-0,13991
0
0
0,13991
0,13991
-0,27982
-0,13991
0
-0,13991
0
-0,13991
0,27982
0,55964
0,55964
0,41973
0,27982
0,27982
0
0
0,41973
-0,27982
0,13991
0
0,27982
0,41973
0,13991
-0,13991
-0,41973
-0,27982
-0,41973
0
0,13991
0,13991
0
0,13991
0,13991
0,13991
0,55964
0,27982
0,41973
0,27982
0,41973
-0,13991
0,13991
0,55964
0,13991
0,13991
0,27982
0,27982
-0,13991
0,27982
0
0
0,13991
0
-0,41973
-0,41973
0
0
0,41973
0,13991
0
0,27982
0,41973
0,27982
0,27982
0,27982
0,13991
0,83946
0,55964
0,13991
0,27982
0
0
0,13991
-0,55964
-0,13991
-0,13991
0,13991
0,27982
0,41973
0,69955
0,55964
0,83946
0,41973
0,83946
0,69955
-0,13991
-0,13991
-0,55964
-0,27982
-0,27982
-0,69955
-0,41973
0
-0,27982
0
0,13991
0,13991
0,55964
0,27982
0,69955
0,55964
0,27982
0,13991
0,55964
0,27982
0,27982
0
0,13991
0
-0,13991
0
-0,13991
-0,41973
0
0
0,27982
0,13991
0,13991
0
0,13991
-0,13991
0,13991
0
0
0,13991
-0,13991
0,55964
0,41973
0
0,55964
0,27982
0,27982
0,41973
0,27982
0
-0,27982
-0,55964
-0,55964
-0,41973
-0,55964
0
-0,27982
-0,13991
0,13991
0,13991
0,41973
0,69955
1,25919
0,55964
0,27982
0
0,27982
0
-0,13991
-0,41973
-0,55964
-0,41973
-0,27982
-0,41973
-0,83946
0,13991
0,13991
0,13991
0,13991
0,27982
0,41973
0,55964
0,41973
0,27982
0,55964
0,27982
0,27982
0,41973
0,27982
0,13991
-0,13991
0,27982
0
-0,41973
-0,13991
0,27982
-0,13991
-0,13991
-0,13991
-0,13991
-0,13991
0,13991
0
-0,13991
0,27982
0,13991
0
0,27982
0,55964
0,97937
0,83946
0,69955
0,55964
0,55964
0,41973
0,41973
0,27982
0,27982
-0,13991
-0,55964
-0,55964
-0,41973
-0,27982
-0,41973
-0,27982
-0,13991
0,27982
0,55964
0,55964
0,69955
0,55964
0,41973
0,41973
0,27982
0,13991
-0,41973
-0,55964
-0,27982
-0,41973
-0,27982
-0,13991
0
-0,27982
0
0,13991
0,41973
0,55964
0,69955
0,55964
0,41973
0,41973
0,41973
0,13991
-0,41973
-0,27982
-0,55964
-0,27982
0
-0,13991
0,27982
0
0,41973
0,41973
0,27982
0,13991
0,41973
0,41973
-0,13991
-0,27982
-0,41973
-0,55964
-0,69955
0,13991
0
0
-0,13991
0,27982
0,13991
0,41973
0,41973
0,41973
0,55964
0,41973
0,13991
-0,27982
-0,13991
-0,41973
-0,13991
-0,13991
-0,13991
-0,55964
-0,13991
0,27982
0,55964
0,27982
0,13991
0,55964
0,69955
0,83946
0,55964
0,41973
0,13991
-0,41973
-0,41973
-0,41973
-0,27982
-0,41973
0
0,55964
0,13991
0,27982
0,83946
0,55964
0,83946
0,27982
1,11928
0,55964
0,13991
0,27982
0,13991
0
-0,41973
-0,41973
-0,41973
-0,27982
0,13991
-0,13991
0,41973
0,83946
0,83946
0,69955
0,41973
0,27982
0,13991
0
0,13991
0,41973
0,41973
0
0
-0,13991
-0,13991
0
0
-0,27982
0,27982
0,55964
0,41973
0,69955
0,41973
0,27982
0,41973
0,55964
0,13991
0
-0,27982
0
-0,27982
-0,55964
-0,41973
-0,41973
-0,69955
-0,55964
0,13991
0,13991
0,55964
0,55964
0,69955
0,69955
0,41973
0,27982
0,27982
-0,27982
-0,69955
-0,41973
-0,27982
-0,13991
-0,27982
0
0
0,13991
0,27982
0,55964
0,55964
0,55964
0,69955
0,41973
0,13991
0
-0,41973
-0,55964
-0,83946
-0,83946
-0,69955
-1,25919
-0,41973
-0,41973
0
0,13991
0,83946
1,11928
1,81883
1,3991
0,97937
0,13991
-0,13991
-0,55964
-1,81883
-2,93811
-3,917481
-3,49775
-3,21793
-3,35784
-3,917481
-4,057391
-3,63766
-2,93811
-0,97937
0,83946
1,53901
1,95874
1,53901
2,23856
2,93811
3,77757
4,057391
4,337211
4,197301
4,057391
3,21793
1,3991
-0,27982
-1,81883
-3,35784
-4,756941
-6,995501
-9,793701
-11,892352
-13,431362
-14,830462
-15,250192
-14,410732
-12,871722
-10,213431
-6,995501
-4,477121
-2,37847
-1,25919
0,69955
2,09865
4,197301
6,156041
7,555141
7,974871
7,275321
6,156041
5,316581
2,65829
0,55964
-1,53901
-3,21793
-4,756941
-6,715681
-7,974871
-9,933611
-11,052891
-11,472621
-10,213431
-7,695051
-4,477121
-1,11928
1,25919
3,07802
5,456491
6,995501
8,254691
9,373971
10,633161
10,633161
9,933611
8,674421
5,736311
3,35784
1,95874
1,25919
1,53901
2,23856
1,95874
1,53901
0,41973
-0,27982
-0,27982
0,13991
0,97937
0,27982
-1,3991
-4,337211
-8,254691
-13,151542
-17,908482
-20,706683
-21,965873
-21,825963
-21,965873
-21,266323
-19,307582
-15,250192
-9,234061
-1,67892
5,596401
12,451992
18,608032
24,204433
28,541644
30,500384
29,241194
25,603533
21,965873
16,649292
9,094151
0,27982
-9,513881
-17,488752
-22,385603
-24,344343
-26,023263
-27,002633
-26,722813
-24,204433
-20,286953
-14,830462
-8,394601
-2,93811
2,37847
5,176671
7,135411
7,555141
6,156041
3,07802
-0,41973
-3,35784
-4,756941
-4,477121
-3,917481
-3,77757
-3,917481
-4,477121
-4,477121
-4,756941
-3,77757
-1,53901
1,25919
2,65829
1,25919
-2,23856
-7,974871
-13,011632
-17,069022
-17,628662
-15,809832
-13,571272
-12,312082
-11,752442
-11,332711
-10,912981
-10,213431
-9,513881
-9,933611
-10,073521
-10,773071
-12,312082
-13,711182
-14,270822
-13,291452
-12,032262
-10,353341
-7,695051
-5,036761
-1,25919
1,25919
3,21793
3,77757
4,337211
3,917481
2,65829
0,13991
-1,95874
-3,63766
-4,617031
-5,176671
-4,756941
-3,77757
-0,69955
2,09865
3,21793
2,37847
0,41973
-1,95874
-3,49775
-5,876221
-8,674421
-11,892352
-13,291452
-13,151542
-12,032262
-9,933611
-6,855591
-1,95874
3,07802
7,555141
11,472621
14,830462
16,649292
15,949742
12,871722
8,954241
6,435861
5,176671
3,07802
-1,11928
-5,876221
-10,493251
-12,731812
-13,851092
-14,690552
-15,250192
-14,970372
-13,291452
-12,032262
-12,451992
-14,970372
-15,949742
-15,250192
-12,871722
-10,073521
-8,114781
-6,995501
-6,575771
-5,316581
-4,896851
-4,477121
-5,036761
-4,756941
-4,896851
-4,896851
-5,596401
-4,896851
-4,617031
-5,176671
-6,715681
-8,254691
-9,513881
-10,493251
-12,591902
-13,291452
-10,633161
-5,316581
-2,37847
-5,596401
-12,312082
-16,649292
-16,369472
-13,991002
-11,472621
-9,094151
-6,575771
-2,65829
0,41973
1,25919
-0,41973
-2,65829
-5,036761
-6,855591
-9,094151
-9,373971
-6,575771
-2,65829
0,55964
0,97937
-1,11928
-3,77757
-6,715681
-4,057391
3,77757
12,591902
14,830462
9,094151
-1,11928
-10,633161
-16,789202
-20,007133
-19,867223
-17,488752
-14,410732
-12,731812
-11,892352
-11,892352
-13,571272
-15,110282
-15,110282
-11,612531
-6,016131
-2,65829
-5,176671
-12,172172
-20,706683
-25,323713
-25,043893
-23,504883
-24,204433
-27,842094
-32,599034
-33,858224
-29,101284
-19,587403
-7,695051
4,057391
12,451992
16,229562
15,530012
15,390102
18,468122
23,504883
25,743443
22,945243
16,229562
6,295951
-5,316581
-18,048392
-29,101284
-35,397235
-34,837594
-29,241194
-23,644793
-19,727313
-15,669922
-9,933611
-2,7982
2,23856
5,596401
9,094151
14,970372
22,105783
26,163173
24,624163
17,628662
10,353341
7,415231
8,954241
11,332711
10,073521
6,435861
3,07802
2,09865
2,93811
2,65829
0
-3,21793
-5,176671
-5,036761
-2,93811
-1,95874
-1,3991
-5,036761
-11,472621
-18,328212
-22,385603
-22,525513
-20,706683
-17,908482
-14,130912
-9,234061
-3,49775
1,81883
4,756941
5,316581
4,477121
4,337211
4,337211
3,21793
0,27982
-3,07802
-5,876221
-7,834961
-9,373971
-11,892352
-14,550642
-16,649292
-17,488752
-18,048392
-16,929112
-12,731812
-6,575771
-0,41973
2,51838
1,95874
-0,69955
-3,07802
-3,35784
-1,95874
0
0,83946
-0,41973
-4,477121
-9,094151
-12,591902
-12,032262
-7,415231
-1,95874
3,63766
5,596401
3,917481
-0,97937
-6,715681
-10,073521
-11,612531
-10,773071
-10,073521
-8,394601
-6,016131
-3,35784
0
2,65829
5,316581
6,995501
9,094151
10,493251
10,213431
8,814331
4,617031
-1,25919
-7,415231
-13,711182
-17,908482
-21,546143
-22,665423
-21,825963
-17,908482
-12,172172
-6,995501
-4,337211
-5,176671
-7,695051
-10,213431
-12,451992
-14,410732
-16,929112
-19,027762
-21,825963
-24,903983
-28,821464
-32,599034
-34,138044
-33,578404
-31,339844
-27,142544
-21,686053
-16,929112
-13,571272
-12,871722
-13,291452
-14,270822
-13,851092
-13,011632
-10,213431
-6,715681
-4,477121
-5,736311
-8,674421
-11,192801
-11,472621
-10,073521
-9,094151
-8,254691
-7,695051
-8,114781
-9,513881
-10,353341
-7,974871
-4,057391
-0,41973
2,09865
3,63766
4,337211
3,917481
2,09865
1,25919
0,83946
0,97937
1,67892
2,23856
1,25919
-2,93811
-8,114781
-12,871722
-16,229562
-17,069022
-16,649292
-14,970372
-11,752442
-8,114781
-6,575771
-5,456491
-4,617031
-2,65829
0,55964
3,07802
4,617031
4,337211
1,67892
-0,69955
-2,65829
-3,21793
-2,23856
-0,83946
0,83946
1,11928
-1,67892
-6,715681
-10,912981
-13,291452
-13,711182
-12,871722
-11,752442
-11,892352
-12,871722
-14,550642
-15,110282
-13,571272
-10,633161
-6,156041
-0,97937
3,917481
8,114781
10,213431
10,633161
10,633161
11,332711
10,773071
9,234061
5,596401
2,51838
0,13991
-1,25919
-2,09865
-2,65829
-3,63766
-4,337211
-5,036761
-3,63766
-0,69955
2,93811
6,295951
9,373971
11,052891
11,892352
12,591902
12,871722
12,312082
10,353341
7,415231
2,93811
-3,63766
-11,192801
-18,747942
-25,603533
-30,640294
-31,759574
-28,681554
-23,644793
-17,908482
-13,571272
-9,933611
-5,736311
-1,53901
2,09865
4,896851
6,156041
6,575771
6,016131
3,77757
-0,41973
-5,876221
-11,332711
-15,530012
-18,468122
-21,126413
-23,784703
-24,764073
-22,105783
-15,390102
-7,555141
-1,11928
3,77757
6,295951
6,715681
4,756941
3,63766
2,65829
0,55964
-3,63766
-10,073521
-17,768572
-25,183803
-33,858224
-43,092286
-48,408866
-46,030396
-37,775705
-29,800834
-21,825963
-13,291452
-3,63766
5,316581
12,032262
16,369472
20,986503
25,043893
29,660924
32,599034
33,018764
28,401734
20,007133
11,612531
4,197301
-1,81883
-7,275321
-12,871722
-19,447493
-25,043893
-28,401734
-28,681554
-25,183803
-19,307582
-12,731812
-6,855591
-2,93811
-0,41973
2,37847
3,77757
3,21793
1,11928
0,41973
0,55964
-0,41973
-2,65829
-6,016131
-9,234061
-12,032262
-14,130912
-13,571272
-12,451992
-12,871722
-15,949742
-22,105783
-29,521014
-34,138044
-34,417864
-29,521014
-21,965873
-14,970372
-11,332711
-10,633161
-11,192801
-11,052891
-7,695051
-1,81883
3,77757
7,555141
8,114781
4,617031
-1,81883
-8,814331
-14,690552
-15,949742
-14,410732
-12,172172
-11,472621
-11,612531
-12,591902
-12,871722
-12,451992
-9,933611
-5,036761
0,27982
4,197301
4,896851
3,21793
1,3991
0,83946
1,81883
2,7982
2,93811
3,49775
5,036761
7,555141
8,954241
8,254691
5,596401
2,93811
0,97937
-0,41973
-3,21793
-5,596401
-8,534511
-12,032262
-14,270822
-15,669922
-14,130912
-11,472621
-9,653791
-9,653791
-7,695051
-3,49775
1,25919
3,77757
3,35784
1,53901
0,83946
0,41973
-0,27982
-0,13991
-0,13991
-1,67892
-6,995501
-14,130912
-20,286953
-25,043893
-27,422364
-27,422364
-27,422364
-26,722813
-26,303083
-24,344343
-21,965873
-19,027762
-14,970372
-9,094151
-1,81883
4,477121
8,254691
9,933611
9,653791
7,974871
5,876221
3,21793
2,37847
4,617031
7,135411
8,954241
8,534511
6,715681
4,617031
1,81883
-1,11928
-4,896851
-7,555141
-7,135411
-5,316581
-5,876221
-9,793701
-15,250192
-20,566773
-22,105783
-21,825963
-20,706683
-20,426863
-20,706683
-19,027762
-16,369472
-14,550642
-14,970372
-17,768572
-18,747942
-15,669922
-10,353341
-4,057391
0,41973
4,477121
9,234061
13,991002
17,208932
17,768572
16,509382
14,690552
12,731812
9,513881
5,456491
1,3991
-1,81883
-6,715681
-12,032262
-17,628662
-21,546143
-23,504883
-24,484253
-24,764073
-26,582903
-27,422364
-28,121914
-27,702184
-27,282454
-24,764073
-21,406233
-16,789202
-11,612531
-5,736311
0,27982
6,855591
12,871722
16,509382
16,929112
17,348842
16,789202
15,949742
13,711182
8,254691
1,11928
-6,575771
-10,353341
-10,073521
-6,855591
-3,77757
-2,51838
-2,51838
-2,65829
-1,81883
-1,11928
-1,11928
-0,69955
-1,53901
-3,77757
-7,135411
-9,373971
-7,974871
-3,07802
3,35784
9,513881
12,871722
12,731812
10,213431
6,295951
4,197301
3,49775
0,55964
-5,596401
-14,830462
-22,805333
-26,582903
-25,043893
-20,986503
-15,949742
-9,933611
-2,37847
5,596401
10,493251
10,773071
8,954241
8,814331
9,653791
10,073521
7,415231
2,7982
-1,81883
-5,176671
-8,954241
-13,711182
-16,509382
-17,208932
-17,348842
-18,747942
-21,546143
-23,364973
-21,126413
-13,851092
-4,197301
4,057391
5,876221
1,25919
-5,596401
-10,493251
-12,871722
-11,892352
-8,534511
-2,37847
3,07802
3,21793
-2,37847
-10,633161
-16,369472
-17,768572
-17,908482
-17,768572
-18,188302
-17,069022
-16,649292
-16,929112
-18,608032
-16,789202
-9,793701
1,11928
11,052891
15,250192
12,312082
4,896851
-2,65829
-8,394601
-12,032262
-13,851092
-13,851092
-11,612531
-10,353341
-12,172172
-15,809832
-19,587403
-20,147043
-18,328212
-13,711182
-9,373971
-6,995501
-6,435861
-7,695051
-9,234061
-10,633161
-12,172172
-14,130912
-14,830462
-13,711182
-10,493251
-6,995501
-4,896851
-4,756941
-6,435861
-7,555141
-8,814331
-9,094151
-9,373971
-8,534511
-6,156041
-3,917481
-1,3991
1,53901
3,77757
3,35784
1,95874
1,67892
3,21793
5,176671
6,156041
5,876221
8,114781
10,353341
12,312082
13,431362
14,130912
14,830462
13,571272
10,773071
5,876221
-0,83946
-8,534511
-15,530012
-22,245693
-29,660924
-37,495885
-41,973005
-41,273455
-37,495885
-31,899484
-23,504883
-12,312082
0,83946
10,633161
16,089652
20,286953
24,764073
28,401734
28,401734
24,624163
19,587403
14,830462
9,513881
2,7982
-6,575771
-17,488752
-27,702184
-35,257325
-39,454625
-42,392735
-44,071656
-43,512016
-39,594535
-32,738944
-25,603533
-18,747942
-15,669922
-14,830462
-10,912981
2,09865
21,546143
40,154175
46,869856
38,894985
22,245693
5,596401
-6,435861
-10,773071
-10,073521
-9,373971
-11,472621
-16,929112
-25,463623
-33,158674
-39,174805
-40,433995
-34,557774
-22,385603
-7,275321
5,176671
10,353341
9,373971
6,016131
3,21793
1,25919
-0,55964
-2,7982
-3,63766
-2,65829
-2,09865
-1,53901
-2,23856
-3,63766
-4,617031
-5,456491
-6,575771
-6,715681
-5,456491
-1,95874
-0,13991
-2,65829
-8,114781
-13,011632
-15,250192
-13,571272
-10,493251
-6,156041
-0,41973
4,477121
8,254691
9,933611
9,793701
9,653791
10,213431
11,892352
12,731812
11,752442
9,513881
4,756941
-3,917481
-14,130912
-22,245693
-25,603533
-24,204433
-21,266323
-17,488752
-14,830462
-13,571272
-13,571272
-11,472621
-6,156041
1,25919
7,135411
9,653791
10,213431
11,192801
11,612531
11,052891
8,954241
5,596401
2,37847
-0,83946
-3,49775
-4,197301
-1,25919
1,81883
1,53901
-1,53901
-5,456491
-8,254691
-10,493251
-12,731812
-14,970372
-15,949742
-16,789202
-17,628662
-18,188302
-18,468122
-17,348842
-15,809832
-12,032262
-7,555141
-2,93811
0,13991
3,35784
5,876221
6,995501
5,876221
5,736311
7,695051
9,793701
11,052891
10,213431
7,695051
4,477121
1,67892
-0,13991
0,83946
2,7982
3,21793
1,67892
-1,67892
-5,176671
-8,954241
-13,291452
-16,789202
-19,867223
-22,105783
-25,883353
-30,640294
-33,998134
-33,578404
-28,821464
-21,825963
-12,032262
-3,63766
1,11928
1,3991
-1,81883
-5,176671
-6,855591
-5,456491
1,81883
12,312082
19,727313
17,488752
7,834961
-4,617031
-13,011632
-17,768572
-19,727313
-20,986503
-20,007133
-18,608032
-21,546143
-30,360474
-40,993635
-43,372106
-35,816965
-22,245693
-10,353341
-3,35784
-2,51838
-5,316581
-9,373971
-12,172172
-11,612531
-8,254691
-0,69955
7,834961
13,711182
15,110282
13,151542
9,653791
4,896851
-0,55964
-4,477121
-4,057391
-2,37847
-6,435861
-17,348842
-30,640294
-38,055525
-35,816965
-26,163173
-14,550642
-5,316581
-0,97937
1,3991
5,596401
12,032262
18,328212
24,064523
28,961374
30,360474
22,385603
7,135411
-8,114781
-18,048392
-21,266323
-23,644793
-26,722813
-29,660924
-29,660924
-28,961374
-28,821464
-27,702184
-21,965873
-13,571272
-4,756941
3,07802
8,674421
11,332711
9,513881
5,036761
1,25919
-0,97937
0,55964
4,057391
8,674421
11,332711
7,275321
-3,917481
-18,747942
-29,800834
-32,039394
-27,142544
-19,167672
-13,711182
-12,871722
-15,809832
-17,768572
-16,509382
-12,871722
-7,974871
-2,37847
3,35784
9,793701
16,229562
21,965873
23,784703
20,147043
13,571272
7,275321
3,77757
0,97937
-2,7982
-9,373971
-17,768572
-23,225063
-23,924613
-21,546143
-20,286953
-20,566773
-20,706683
-19,587403
-20,706683
-23,924613
-24,903983
-18,608032
-9,234061
-1,25919
2,37847
0,69955
-3,77757
-13,291452
-25,463623
-34,837594
-37,216065
-32,039394
-24,764073
-21,686053
-26,303083
-33,998134
-35,677055
-25,743443
-8,814331
7,695051
17,908482
21,406233
18,747942
11,892352
1,11928
-8,394601
-13,711182
-16,789202
-20,286953
-26,722813
-34,697684
-40,573905
-43,791836
-45,051026
-44,631296
-41,693185
-36,376605
-30,360474
-24,624163
-20,426863
-17,208932
-13,851092
-9,653791
-3,77757
3,77757
12,032262
17,488752
16,649292
11,192801
4,756941
1,53901
-0,13991
-3,77757
-10,773071
-20,007133
-29,660924
-40,014265
-51,766707
-60,301218
-61,140678
-54,285087
-43,931746
-33,858224
-23,225063
-16,789202
-12,312082
-9,094151
-5,736311
-2,09865
1,95874
6,855591
10,633161
11,612531
9,094151
5,036761
2,23856
-0,13991
-2,7982
-5,876221
-6,715681
-5,456491
-4,756941
-6,995501
-12,591902
-19,307582
-24,344343
-28,401734
-32,738944
-35,677055
-38,195435
-39,034895
-38,335345
-34,417864
-26,722813
-16,089652
-5,876221
1,25919
6,995501
10,493251
12,312082
12,591902
9,653791
3,917481
-3,63766
-10,633161
-15,949742
-20,426863
-24,903983
-31,199934
-37,635795
-43,931746
-48,688686
-50,367607
-46,869856
-38,335345
-26,722813
-14,690552
-2,51838
9,373971
20,986503
30,640294
34,977505
32,599034
24,484253
11,192801
-5,316581
-21,965873
-36,096785
-46,590036
-54,984637
-59,042028
-57,503017
-50,787337
-42,112915
-33,858224
-26,023263
-17,908482
-8,394601
3,21793
15,250192
25,603533
30,780204
28,681554
21,546143
13,151542
4,477121
-2,37847
-7,415231
-12,731812
-19,307582
-26,862723
-33,158674
-35,537145
-33,998134
-31,060024
-29,381104
-27,002633
-21,546143
-12,172172
-3,49775
1,53901
0,27982
-2,23856
-5,596401
-10,912981
-16,929112
-22,525513
-24,624163
-22,805333
-19,167672
-18,048392
-19,027762
-19,867223
-17,768572
-14,130912
-11,192801
-8,394601
-5,176671
-4,197301
-4,477121
-9,373971
-17,348842
-23,504883
-23,225063
-15,390102
-3,49775
8,954241
17,488752
20,566773
19,587403
16,229562
14,830462
14,970372
14,550642
10,073521
-1,67892
-16,789202
-28,681554
-32,319214
-27,282454
-16,929112
-5,736311
0,27982
-1,11928
-8,814331
-16,229562
-18,468122
-14,130912
-10,213431
-10,912981
-16,229562
-20,986503
-24,204433
-24,484253
-20,566773
-12,451992
-1,67892
8,114781
14,410732
15,809832
14,410732
10,912981
4,617031
-3,77757
-12,032262
-17,488752
-22,245693
-27,702184
-33,718314
-38,335345
-38,195435
-34,557774
-27,282454
-17,628662
-6,715681
0,69955
1,95874
0,55964
-0,13991
0,41973
-0,69955
-5,176671
-12,731812
-22,945243
-32,459124
-37,775705
-37,495885
-33,158674
-27,282454
-21,126413
-13,851092
-5,036761
4,617031
14,970372
22,105783
21,546143
12,591902
-1,53901
-13,291452
-21,126413
-27,002633
-33,858224
-41,133545
-44,491386
-41,133545
-32,738944
-21,965873
-10,493251
0,41973
6,435861
6,995501
4,197301
2,09865
0,41973
-3,917481
-11,052891
-19,867223
-26,582903
-31,479754
-34,977505
-35,677055
-34,417864
-31,199934
-24,624163
-17,488752
-9,234061
-1,67892
3,35784
5,876221
5,456491
2,7982
-0,97937
-6,156041
-13,711182
-21,825963
-31,060024
-38,755075
-42,532645
-39,594535
-31,619664
-22,105783
-15,809832
-12,871722
-12,312082
-12,312082
-12,172172
-11,472621
-11,052891
-12,871722
-18,608032
-25,043893
-27,842094
-25,463623
-21,126413
-18,747942
-19,027762
-21,126413
-20,286953
-17,069022
-13,011632
-10,912981
-11,052891
-12,032262
-14,410732
-18,468122
-24,484253
-31,619664
-38,055525
-41,553275
-39,174805
-32,459124
-26,303083
-24,064523
-24,903983
-24,484253
-21,546143
-17,348842
-15,250192
-14,270822
-12,731812
-10,912981
-10,773071
-18,608032
-32,738944
-42,112915
-38,475255
-31,479754
-28,401734
-27,142544
-20,007133
-9,653791
-2,09865
3,77757
9,793701
15,250192
17,908482
19,027762
18,468122
15,669922
12,871722
6,995501
-8,114781
-33,158674
-54,984637
-61,140678
-55,544277
-47,989136
-39,034895
-27,002633
-16,509382
-10,073521
-5,316581
3,07802
13,711182
21,406233
23,364973
18,188302
9,094151
-0,55964
-9,653791
-16,649292
-20,846593
-21,266323
-19,587403
-17,768572
-17,488752
-21,825963
-28,681554
-36,376605
-44,211566
-49,248326
-48,268956
-40,993635
-31,339844
-22,805333
-18,188302
-18,188302
-22,105783
-24,204433
-20,286953
-11,192801
1,95874
15,250192
24,484253
27,142544
21,406233
9,513881
-4,337211
-13,991002
-17,488752
-21,965873
-32,179304
-45,051026
-55,824097
-58,762208
-51,766707
-37,915615
-21,546143
-10,213431
-5,036761
-5,736311
-10,213431
-13,851092
-12,591902
-5,596401
1,53901
2,65829
-2,65829
-11,332711
-18,048392
-19,587403
-18,048392
-12,731812
-5,456491
-1,81883
-4,617031
-11,192801
-18,887852
-24,204433
-25,323713
-22,525513
-16,369472
-10,213431
-7,135411
-9,933611
-18,048392
-29,241194
-37,635795
-38,335345
-32,319214
-21,406233
-13,571272
-12,032262
-16,649292
-20,566773
-21,266323
-16,649292
-9,933611
-2,51838
2,7982
3,917481
0,41973
-4,057391
-7,275321
-7,415231
-6,715681
-6,435861
-7,135411
-9,513881
-13,291452
-17,488752
-20,007133
-18,887852
-14,970372
-11,332711
-10,633161
-13,571272
-17,768572
-20,706683
-22,805333
-21,825963
-17,348842
-11,332711
-7,135411
-7,555141
-10,773071
-13,851092
-14,130912
-11,472621
-7,555141
-5,456491
-6,435861
-8,674421
-12,032262
-14,550642
-16,649292
-18,747942
-20,986503
-23,924613
-26,722813
-29,940744
-31,759574
-31,899484
-29,940744
-26,163173
-21,686053
-17,628662
-13,011632
-8,254691
-3,49775
0,13991
2,65829
4,057391
5,316581
5,596401
4,057391
0
-6,295951
-13,431362
-18,747942
-22,385603
-24,344343
-25,183803
-24,484253
-23,784703
-23,504883
-23,364973
-23,644793
-23,364973
-22,385603
-19,867223
-17,069022
-15,250192
-14,550642
-14,830462
-14,690552
-13,991002
-13,711182
-13,711182
-14,270822
-15,809832
-16,789202
-19,447493
-21,686053
-23,364973
-23,504883
-21,965873
-20,147043
-19,167672
-19,027762
-18,188302
-15,949742
-13,011632
-9,653791
-6,575771
-5,456491
-5,456491
-6,435861
-7,135411
-6,435861
-4,896851
-3,35784
-3,917481
-6,295951
-8,674421
-10,773071
-12,172172
-13,011632
-13,711182
-13,851092
-14,690552
-14,830462
-15,250192
-15,390102
-15,390102
-14,830462
-14,690552
-14,270822
-13,151542
-11,192801
-8,674421
-8,114781
-9,793701
-12,731812
-15,809832
-16,789202
-17,908482
-19,167672
-21,406233
-24,344343
-26,303083
-27,282454
-27,422364
-26,303083
-23,085153
-19,027762
-14,830462
-12,451992
-11,472621
-11,472621
-10,493251
-9,653791
-8,954241
-9,234061
-12,172172
-14,830462
-18,747942
-22,665423
-25,743443
-26,862723
-26,023263
-25,323713
-24,484253
-23,644793
-21,546143
-18,048392
-15,110282
-12,871722
-10,633161
-8,534511
-6,855591
-6,855591
-8,254691
-10,633161
-13,991002
-17,069022
-18,887852
-20,147043
-20,986503
-21,266323
-20,706683
-19,727313
-18,608032
-17,908482
-17,208932
-16,929112
-15,110282
-11,612531
-7,974871
-6,016131
-7,415231
-10,213431
-12,451992
-14,550642
-13,851092
-13,011632
-12,312082
-12,871722
-15,250192
-19,587403
-23,924613
-26,442993
-25,743443
-22,105783
-18,188302
-17,488752
-19,027762
-22,105783
-23,924613
-23,364973
-19,587403
-15,669922
-14,830462
-16,649292
-17,908482
-17,069022
-16,089652
-15,669922
-17,069022
-18,747942
-19,027762
-16,369472
-13,151542
-10,213431
-8,254691
-7,695051
-7,974871
-8,814331
-10,353341
-11,612531
-12,871722
-13,431362
-14,130912
-16,089652
-19,167672
-21,266323
-21,825963
-20,706683
-17,488752
-14,410732
-12,312082
-11,472621
-12,871722
-16,229562
-19,447493
-22,245693
-24,204433
-23,924613
-22,525513
-20,706683
-19,587403
-19,867223
-20,426863
-19,587403
-18,048392
-14,830462
-12,591902
-12,451992
-13,571272
-14,970372
-14,970372
-13,291452
-10,213431
-6,295951
-3,35784
-3,21793
-4,756941
-7,695051
-9,793701
-10,773071
-10,633161
-9,793701
-9,373971
-10,633161
-13,851092
-16,649292
-19,307582
-19,727313
-18,188302
-15,530012
-11,752442
-8,954241
-9,373971
-11,892352
-14,410732
-15,250192
-12,032262
-8,674421
-5,456491
-5,176671
-7,834961
-11,192801
-14,270822
-15,390102
-14,550642
-12,032262
-9,653791
-8,394601
-8,814331
-11,332711
-14,830462
-15,949742
-13,291452
-8,954241
-4,896851
-3,917481
-6,855591
-12,312082
-17,628662
-21,546143
-23,225063
-22,805333
-20,147043
-17,488752
-16,649292
-16,929112
-17,348842
-16,929112
-14,830462
-11,752442
-9,094151
-7,834961
-8,534511
-10,493251
-12,871722
-14,130912
-15,110282
-13,991002
-12,172172
-9,933611
-9,094151
-11,192801
-13,991002
-14,830462
-13,291452
-10,213431
-8,114781
-7,275321
-6,715681
-6,016131
-6,016131
-6,995501
-8,394601
-8,114781
-6,995501
-6,855591
-8,534511
-11,892352
-14,410732
-16,089652
-15,809832
-14,270822
-11,612531
-9,513881
-9,653791
-12,172172
-15,250192
-15,390102
-12,451992
-7,834961
-3,77757
-2,51838
-4,057391
-6,855591
-9,373971
-12,172172
-13,991002
-14,690552
-16,789202
-17,628662
-18,887852
-19,167672
-20,147043
-21,825963
-22,805333
-21,825963
-19,027762
-15,390102
-11,892352
-8,534511
-5,736311
-3,917481
-2,93811
-3,49775
-3,917481
-4,477121
-6,575771
-9,513881
-11,892352
-13,011632
-13,431362
-12,731812
-11,612531
-8,534511
-6,295951
-5,316581
-5,316581
-5,876221
-5,876221
-6,295951
-7,135411
-9,234061
-11,892352
-13,991002
-15,530012
-15,250192
-15,250192
-15,669922
-15,949742
-16,089652
-15,110282
-14,550642
-13,571272
-12,871722
-12,871722
-12,172172
-11,192801
-9,373971
-8,954241
-10,213431
-11,612531
-13,011632
-11,892352
-9,513881
-7,695051
-6,156041
-6,156041
-7,135411
-9,094151
-11,472621
-12,032262
-11,192801
-8,674421
-7,135411
-6,995501
-8,674421
-11,052891
-13,291452
-14,410732
-14,410732
-13,291452
-11,472621
-10,213431
-8,954241
-9,094151
-9,933611
-11,052891
-11,052891
-10,073521
-8,674421
-7,415231
-6,715681
-6,156041
-5,456491
-6,295951
-7,555141
-9,513881
-10,633161
-10,073521
-7,834961
-7,135411
-7,415231
-8,254691
-10,073521
-10,213431
-9,933611
-9,094151
-8,114781
-7,834961
-8,114781
-10,633161
-13,291452
-14,410732
-13,991002
-12,731812
-12,591902
-14,550642
-16,509382
-17,069022
-14,970372
-11,752442
-8,534511
-4,896851
0,55964
5,736311
10,493251
14,410732
17,628662
21,686053
24,484253
24,624163
19,867223
11,892352
1,53901
-9,653791
-19,867223
-28,541644
-34,277954
-36,376605
-33,858224
-26,862723
-18,048392
-10,912981
-6,995501
-4,896851
-5,876221
-5,036761
0,69955
11,612531
24,204433
33,578404
36,516515
32,878854
23,085153
10,493251
-2,23856
-12,172172
-20,706683
-27,702184
-33,998134
-37,076155
-37,355975
-34,697684
-28,821464
-19,587403
-8,254691
2,09865
9,653791
15,809832
20,706683
24,903983
26,582903
25,743443
23,784703
20,007133
12,172172
0,83946
-13,151542
-26,163173
-35,816965
-42,112915
-43,512016
-40,573905
-33,718314
-24,204433
-13,991002
-5,176671
2,93811
10,633161
18,608032
27,562274
32,459124
31,759574
24,344343
14,830462
5,176671
-3,07802
-10,073521
-17,488752
-24,484253
-29,940744
-32,738944
-33,018764
-29,660924
-22,665423
-12,871722
-1,81883
7,555141
13,991002
18,188302
19,447493
19,447493
17,069022
12,731812
6,715681
-0,69955
-9,513881
-19,307582
-27,982004
-33,018764
-34,277954
-32,179304
-27,562274
-22,385603
-14,830462
-6,575771
2,51838
9,793701
14,410732
16,089652
15,390102
12,312082
6,995501
0,27982
-5,596401
-12,032262
-18,608032
-24,204433
-27,422364
-28,261824
-26,303083
-21,686053
-16,229562
-9,653791
-2,23856
4,896851
12,032262
17,628662
20,566773
20,706683
18,188302
13,711182
7,834961
1,81883
-4,057391
-9,933611
-15,949742
-22,525513
-26,582903
-27,562274
-26,303083
-23,644793
-19,447493
-12,591902
-3,35784
7,555141
16,649292
22,805333
23,924613
21,406233
16,089652
9,653791
2,51838
-4,617031
-11,612531
-17,768572
-22,945243
-27,562274
-28,821464
-27,702184
-23,225063
-15,809832
-6,855591
1,3991
8,814331
14,970372
18,887852
21,546143
21,546143
20,007133
17,488752
14,270822
9,234061
2,93811
-5,176671
-13,711182
-20,566773
-24,204433
-24,204433
-21,825963
-17,208932
-12,451992
-6,715681
-0,83946
4,896851
10,353341
15,250192
18,608032
19,727313
18,887852
15,669922
9,513881
1,95874
-6,295951
-13,431362
-18,887852
-23,085153
-24,344343
-24,764073
-23,784703
-20,147043
-14,830462
-8,394601
-0,97937
6,016131
10,773071
13,431362
13,851092
12,591902
10,773071
7,555141
3,35784
-2,37847
-8,674421
-14,970372
-21,126413
-26,023263
-27,982004
-26,582903
-21,825963
-15,809832
-10,773071
-7,135411
-2,65829
1,67892
6,016131
9,234061
10,773071
10,773071
9,653791
7,275321
3,77757
-1,11928
-5,316581
-9,234061
-12,172172
-15,110282
-17,208932
-17,908482
-16,509382
-13,991002
-10,073521
-5,596401
-0,69955
4,337211
7,834961
8,814331
8,534511
7,555141
6,435861
4,477121
1,3991
-2,23856
-5,736311
-9,653791
-12,731812
-14,690552
-14,830462
-13,011632
-10,493251
-6,855591
-4,197301
-2,37847
-0,27982
1,3991
3,21793
4,756941
5,596401
4,756941
3,35784
0,69955
-2,23856
-5,316581
-7,834961
-8,814331
-9,373971
-8,394601
-6,435861
-4,477121
-2,23856
0,13991
2,7982
4,617031
6,855591
8,114781
8,394601
7,135411
4,617031
1,81883
-1,53901
-4,197301
-5,596401
-6,435861
-7,695051
-7,834961
-7,834961
-7,695051
-6,156041
-3,63766
0
2,93811
5,176671
6,016131
6,575771
6,715681
6,435861
4,756941
3,07802
0,55964
-1,95874
-4,477121
-6,575771
-8,534511
-10,773071
-11,332711
-11,332711
-10,213431
-8,954241
-7,275321
-4,617031
-1,95874
1,11928
3,63766
6,016131
7,834961
8,814331
8,254691
6,575771
3,07802
0,13991
-3,63766
-6,715681
-8,674421
-10,493251
-10,493251
-10,912981
-11,052891
-9,793701
-7,415231
-4,477121
-1,11928
2,7982
5,596401
8,254691
9,373971
9,513881
8,394601
6,295951
2,7982
-0,97937
-4,756941
-7,834961
-10,773071
-12,032262
-12,032262
-10,073521
-7,135411
-4,896851
-3,07802
-0,27982
2,7982
5,736311
8,534511
9,513881
10,213431
8,954241
6,575771
3,07802
-1,25919
-4,896851
-7,695051
-8,674421
-9,653791
-10,773071
-11,612531
-11,472621
-10,633161
-8,394601
-5,456491
-2,65829
-0,27982
1,53901
2,51838
3,917481
4,896851
4,197301
3,07802
1,11928
-0,69955
-2,7982
-4,896851
-6,715681
-7,974871
-8,254691
-8,674421
-9,373971
-8,674421
-6,855591
-3,917481
-1,25919
1,3991
4,197301
7,275321
8,114781
7,695051
6,855591
4,896851
3,35784
1,25919
-1,25919
-4,057391
-6,295951
-8,674421
-10,213431
-11,052891
-10,912981
-9,234061
-6,995501
-5,036761
-3,49775
-1,81883
-0,27982
1,11928
2,37847
3,49775
4,756941
5,736311
5,316581
4,896851
3,77757
1,81883
-0,13991
-2,7982
-5,036761
-6,295951
-7,415231
-7,415231
-6,715681
-5,036761
-2,93811
-1,25919
1,11928
3,21793
5,316581
6,435861
6,715681
6,435861
5,876221
5,176671
3,77757
1,3991
-0,13991
-1,3991
-2,09865
-2,09865
-2,23856
-1,67892
-2,23856
-1,95874
-1,95874
-0,83946
0,83946
2,37847
4,337211
5,316581
5,876221
5,036761
3,35784
0,97937
-0,83946
-1,95874
-2,37847
-3,35784
-4,477121
-6,575771
-7,974871
-9,234061
-7,974871
-3,917481
0,55964
4,337211
6,435861
6,575771
6,295951
6,156041
6,016131
5,036761
3,49775
2,23856
-0,55964
-4,477121
-8,534511
-10,493251
-11,192801
-8,674421
-3,63766
1,67892
6,575771
10,073521
12,032262
12,172172
11,752442
10,912981
8,814331
6,715681
3,21793
-0,97937
-6,016131
-10,213431
-12,591902
-13,571272
-13,711182
-11,892352
-8,814331
-4,057391
0,97937
5,876221
10,073521
12,731812
14,970372
15,530012
14,830462
13,011632
10,493251
7,695051
3,63766
-1,3991
-6,016131
-9,793701
-12,871722
-15,390102
-17,488752
-19,167672
-19,307582
-18,048392
-14,970372
-9,933611
-4,337211
2,09865
7,135411
10,073521
12,312082
13,151542
13,151542
11,892352
9,933611
7,555141
5,456491
2,7982
-0,69955
-3,917481
-7,135411
-8,254691
-8,254691
-7,135411
-5,036761
-3,77757
-2,93811
-2,09865
-1,11928
-0,13991
1,67892
2,93811
4,756941
5,176671
3,77757
0,55964
-2,23856
-5,176671
-6,715681
-6,715681
-5,596401
-4,337211
-3,35784
-1,81883
-1,11928
0,27982
1,95874
3,917481
5,876221
7,415231
7,555141
7,834961
7,135411
5,456491
3,49775
0,83946
-2,51838
-4,337211
-6,156041
-7,555141
-7,974871
-7,695051
-7,135411
-5,316581
-2,65829
0,13991
2,09865
3,49775
4,337211
4,337211
3,21793
1,3991
-0,69955
-2,09865
-3,21793
-4,057391
-4,057391
-5,176671
-6,016131
-6,575771
-6,995501
-6,016131
-4,337211
-0,69955
3,35784
6,715681
9,234061
10,493251
9,513881
8,254691
5,456491
2,65829
0
-3,35784
-5,316581
-8,254691
-10,353341
-11,892352
-12,032262
-11,052891
-8,954241
-6,156041
-2,7982
0,27982
3,917481
6,435861
8,394601
8,534511
8,674421
8,534511
7,415231
5,596401
3,49775
0,69955
-2,09865
-4,477121
-6,435861
-6,575771
-6,016131
-5,176671
-3,63766
-1,67892
0,13991
1,95874
4,197301
6,435861
7,695051
7,695051
6,715681
4,896851
2,51838
-0,69955
-3,917481
-5,736311
-7,135411
-7,555141
-7,834961
-7,135411
-6,156041
-5,176671
-3,21793
-1,11928
1,25919
3,21793
4,337211
5,316581
5,176671
4,896851
4,057391
3,917481
2,51838
1,11928
-0,97937
-3,35784
-5,736311
-7,135411
-8,114781
-7,555141
-6,855591
-6,156041
-4,337211
-2,51838
0,13991
2,23856
4,337211
5,456491
5,316581
4,756941
3,21793
1,81883
0
-1,67892
-2,37847
-2,37847
-3,21793
-6,715681
-11,332711
-14,410732
-14,970372
-13,011632
-10,073521
-6,435861
-2,37847
1,25919
2,7982
4,756941
6,855591
9,373971
11,472621
12,591902
12,312082
10,493251
7,834961
3,49775
-1,3991
-4,477121
-6,575771
-6,575771
-5,316581
-3,21793
-1,81883
-1,53901
-2,7982
-4,057391
-3,63766
-2,37847
-1,11928
0,55964
0,13991
-0,83946
-3,63766
-5,876221
-6,295951
-5,176671
-2,37847
0,27982
2,09865
3,35784
4,756941
5,736311
6,435861
7,695051
8,814331
10,213431
9,513881
7,275321
4,337211
0,97937
-2,23856
-4,057391
-4,896851
-5,176671
-5,876221
-7,135411
-9,513881
-12,032262
-13,291452
-12,871722
-9,793701
-5,876221
-2,37847
0,27982
3,35784
5,736311
7,834961
9,234061
9,933611
9,933611
9,513881
8,814331
6,995501
4,896851
2,7982
0,69955
-0,97937
-2,65829
-4,617031
-6,016131
-6,435861
-5,036761
-2,7982
0,13991
2,7982
4,477121
5,036761
4,896851
4,477121
3,77757
3,21793
1,67892
-0,27982
-2,51838
-4,057391
-6,435861
-7,555141
-7,695051
-6,715681
-5,176671
-1,81883
0,55964
2,37847
4,197301
5,176671
5,456491
5,316581
4,756941
3,49775
2,09865
0,13991
-1,67892
-3,77757
-5,176671
-5,456491
-5,316581
-4,756941
-3,21793
-2,23856
-0,97937
-0,13991
0,55964
1,95874
2,93811
3,07802
2,7982
1,25919
-0,13991
-2,65829
-5,036761
-5,876221
-6,435861
-6,295951
-6,995501
-7,974871
-8,394601
-7,555141
-5,876221
-2,93811
-0,27982
1,67892
3,35784
3,49775
3,63766
3,35784
2,7982
2,51838
1,25919
0,27982
-1,95874
-2,93811
-5,176671
-6,016131
-6,295951
-5,876221
-5,176671
-4,756941
-3,35784
-2,37847
-0,69955
0,41973
0,27982
0,55964
0,69955
0,13991
0,13991
0,55964
0,41973
1,11928
1,25919
0,83946
0,97937
1,53901
1,67892
2,51838
3,35784
3,917481
3,49775
3,63766
2,65829
1,67892
1,53901
1,11928
1,25919
1,81883
1,81883
1,25919
0,41973
-0,27982
-1,3991
-1,81883
-2,37847
-2,51838
-2,37847
-2,51838
-2,37847
-2,37847
-2,37847
-1,25919
-0,27982
0,13991
0,69955
0,83946
0,27982
0,27982
0,13991
0
-0,55964
-1,25919
-2,51838
-3,77757
-4,057391
-4,756941
-4,896851
-4,896851
-4,197301
-3,77757
-3,07802
-2,23856
-1,53901
-0,41973
1,53901
2,51838
4,057391
4,617031
5,036761
4,477121
3,49775
2,37847
1,81883
0,69955
0
-1,25919
-2,23856
-3,21793
-3,917481
-4,057391
-3,77757
-3,917481
-3,21793
-3,21793
-2,7982
-2,65829
-1,95874
-1,81883
-1,67892
-1,25919
-0,69955
0,69955
1,25919
1,81883
2,65829
3,49775
4,197301
5,316581
5,736311
5,456491
5,736311
5,036761
4,057391
3,07802
1,81883
0,13991
-1,25919
-2,37847
-3,917481
-4,756941
-4,756941
-4,756941
-4,617031
-3,35784
-2,09865
-0,97937
0,27982
1,3991
1,95874
3,35784
4,057391
4,617031
4,896851
4,197301
2,7982
1,53901
-0,13991
-1,67892
-3,21793
-3,917481
-3,63766
-3,49775
-2,93811
-2,23856
-1,25919
0
0,55964
0,69955
1,11928
1,3991
1,53901
1,95874
1,95874
1,81883
0,83946
0,13991
-0,41973
-0,97937
-1,81883
-2,51838
-2,37847
-3,21793
-3,77757
-4,197301
-4,337211
-4,477121
-4,756941
-4,337211
-3,49775
-2,93811
-2,7982
-2,51838
-1,95874
-1,25919
-0,27982
0,69955
1,53901
2,93811
3,49775
3,917481
4,756941
4,896851
5,456491
5,316581
5,316581
5,036761
4,057391
3,07802
2,23856
0,83946
0
-0,27982
-0,55964
-0,55964
-0,69955
-0,97937
-0,41973
0,41973
1,25919
1,67892
1,81883
1,95874
2,37847
2,37847
2,93811
3,21793
3,21793
3,77757
3,49775
3,63766
3,63766
3,63766
3,07802
2,23856
1,3991
0,55964
-0,55964
-1,95874
-3,07802
-2,7982
-2,7982
-2,51838
-1,53901
-0,97937
-0,69955
0,27982
1,11928
1,25919
1,25919
0,97937
1,11928
0,83946
0,13991
-1,53901
-2,09865
-2,7982
-3,07802
-3,63766
-3,917481
-3,35784
-3,35784
-3,07802
-2,65829
-1,81883
-0,13991
1,11928
1,53901
2,65829
2,09865
1,25919
0,41973
-0,69955
-0,83946
-0,55964
-0,27982
-0,41973
-0,69955
-1,11928
-0,97937
-0,83946
0,27982
1,25919
2,65829
3,63766
4,197301
4,337211
4,057391
3,35784
3,21793
3,917481
3,21793
2,7982
1,3991
0,41973
-0,41973
-0,97937
-0,69955
0,13991
1,11928
1,67892
1,95874
1,67892
1,11928
0,69955
0,97937
0,97937
0,41973
0,97937
0,41973
0,13991
-0,13991
-0,13991
-0,27982
0
-0,41973
-0,69955
-0,69955
-0,27982
-0,13991
-0,41973
-0,55964
-0,55964
-0,83946
-1,11928
-0,83946
-1,67892
-1,95874
-1,3991
-1,11928
-0,55964
-0,41973
-0,55964
0,27982
0,69955
0,97937
1,25919
1,53901
1,53901
0,83946
0,83946
0,13991
-0,69955
-0,83946
-1,25919
-1,67892
-1,11928
-1,3991
-1,53901
-1,3991
-1,25919
-1,25919
-1,3991
-1,11928
-0,55964
-0,13991
0,27982
1,11928
1,3991
1,81883
1,95874
1,95874
2,23856
1,95874
2,37847
2,51838
1,67892
0,69955
0
-0,55964
-1,25919
-0,83946
-1,11928
-1,3991
-0,97937
-1,81883
-1,11928
-0,97937
-0,41973
0,13991
0,55964
0,97937
1,11928
1,25919
1,81883
2,23856
2,93811
3,21793
3,35784
3,07802
2,65829
2,09865
1,53901
0,69955
-0,27982
-0,83946
-1,11928
-1,11928
-1,25919
-1,3991
-1,53901
-0,55964
-0,13991
0,13991
1,11928
1,11928
1,67892
1,81883
1,25919
1,53901
1,11928
1,25919
1,11928
1,11928
0,97937
0,55964
0
-0,69955
-1,11928
-1,25919
-1,3991
-1,3991
-1,11928
-0,41973
-0,27982
-0,13991
0
0,41973
0,55964
1,11928
1,95874
2,09865
2,09865
2,23856
1,53901
1,3991
0,83946
0
-0,13991
-0,83946
-0,97937
-0,83946
-0,41973
-0,69955
-0,55964
0,13991
0
0
0,41973
0,41973
0,13991
-0,27982
-0,13991
-0,27982
-0,13991
0,41973
0,69955
0,83946
0,83946
0,69955
0,83946
0,41973
0,69955
0,83946
0,97937
0,69955
0,55964
0
-0,27982
-0,55964
-0,69955
-0,55964
-0,27982
-0,13991
-0,27982
0,13991
0,55964
0,83946
0,69955
0,69955
0,69955
0,83946
0,97937
0,83946
0,69955
0,97937
0,55964
0,41973
0
-0,55964
-0,41973
-0,55964
-0,83946
-0,55964
-0,69955
-0,69955
-0,83946
-1,11928
-0,55964
0,27982
0
0,55964
0,83946
1,25919
0,69955
0,41973
0,13991
-0,13991
-0,83946
-0,55964
-0,69955
-0,55964
-0,41973
-0,97937
-1,11928
-0,55964
-0,69955
0
0
-0,13991
0,27982
0,83946
1,53901
1,11928
0,83946
0,83946
0,97937
1,81883
2,37847
2,93811
2,65829
2,7982
2,93811
2,37847
1,67892
1,67892
1,11928
0,97937
0,97937
0,97937
0,83946
0,83946
1,53901
1,25919
1,67892
2,09865
1,81883
1,95874
1,53901
1,3991
0,55964
-0,55964
-0,83946
-0,97937
-0,83946
-1,67892
-2,09865
-1,95874
-1,3991
-1,53901
-0,97937
-0,83946
-0,41973
-0,13991
-0,27982
0,13991
0,41973
0,55964
0,97937
0,83946
1,3991
2,23856
2,65829
3,49775
3,77757
4,057391
3,63766
2,7982
2,37847
1,81883
0,69955
0,41973
-0,69955
-1,3991
-2,09865
-2,93811
-2,93811
-3,63766
-3,77757
-3,917481
-3,21793
-2,51838
-1,25919
0,27982
1,53901
3,35784
4,337211
5,736311
6,855591
6,715681
6,295951
5,876221
5,036761
3,917481
2,51838
1,11928
-0,69955
-1,67892
-2,7982
-3,63766
-4,057391
-4,057391
-3,07802
-2,37847
-0,69955
-0,13991
1,11928
1,53901
2,37847
2,65829
2,65829
2,93811
2,65829
2,23856
1,81883
1,3991
1,11928
0,69955
0,83946
1,11928
0,83946
0,41973
-0,41973
-1,11928
-1,67892
-1,81883
-1,95874
-1,81883
-1,3991
-1,53901
-1,53901
-1,3991
-1,3991
-0,97937
0
1,25919
1,81883
3,07802
3,917481
3,917481
4,057391
3,917481
3,35784
2,7982
2,23856
0,69955
-0,13991
-0,97937
-1,81883
-2,09865
-2,65829
-2,51838
-2,09865
-1,53901
-0,55964
0,13991
1,67892
2,51838
3,49775
4,197301
4,617031
5,036761
5,316581
5,176671
4,896851
3,917481
3,21793
2,09865
0,69955
-0,97937
-2,09865
-2,93811
-3,63766
-3,917481
-4,617031
-4,197301
-4,057391
-3,63766
-3,07802
-2,93811
-2,37847
-1,11928
-0,55964
0,69955
1,25919
1,3991
1,11928
1,3991
1,11928
0,97937
1,11928
1,53901
1,25919
1,53901
1,3991
0,97937
0,83946
0,55964
-0,27982
-0,55964
-0,97937
-1,25919
-1,81883
-2,23856
-2,09865
-2,23856
-2,37847
-2,09865
-1,25919
-0,55964
-0,55964
-0,27982
0,27982
0,27982
0,69955
1,25919
1,53901
1,53901
1,11928
1,3991
0,69955
0,55964
0,41973
0,13991
-0,41973
-0,27982
-0,55964
-1,25919
-1,3991
-1,11928
-1,11928
-1,11928
-0,69955
-0,83946
-0,69955
-0,55964
-0,97937
-1,25919
-1,11928
-0,69955
0
0,55964
0,69955
0,97937
0,83946
0,83946
1,11928
0,55964
0,69955
0,97937
0,97937
0,41973
0,55964
0
-0,13991
-0,41973
-0,41973
-0,97937
-1,3991
-2,09865
-2,23856
-2,09865
-2,09865
-2,09865
-1,25919
-0,97937
-0,55964
0
0,41973
0,97937
1,3991
1,3991
2,23856
2,09865
2,09865
2,09865
2,37847
1,95874
1,67892
0,97937
0,55964
0,41973
-0,13991
-0,13991
-0,55964
-0,97937
-0,97937
-1,11928
-0,69955
-0,55964
0,13991
0,41973
0,55964
0,69955
0,69955
0,55964
0,27982
-0,27982
-0,55964
-0,97937
-1,25919
-1,53901
-1,95874
-1,81883
-1,67892
-1,95874
-1,81883
-1,95874
-2,23856
-2,23856
-1,95874
-2,09865
-1,95874
-1,67892
-1,53901
-1,95874
-2,09865
-2,23856
-1,95874
-1,67892
-1,67892
-1,25919
-1,11928
-0,97937
-1,11928
-1,67892
-1,3991
-1,25919
-1,81883
-1,81883
-1,95874
-1,81883
-1,81883
-2,09865
-2,09865
-2,09865
-2,09865
-1,81883
-1,53901
-1,11928
-0,27982
-0,27982
0,27982
0,55964
1,25919
1,3991
1,81883
2,23856
2,09865
1,95874
1,11928
0,41973
-0,27982
-1,11928
-1,81883
-1,81883
-1,81883
-2,09865
-1,95874
-1,95874
-1,81883
-1,25919
-1,25919
-1,11928
-0,69955
-0,41973
-0,13991
0,13991
0,41973
0,69955
0,83946
0,83946
0,97937
0,83946
0,83946
0,55964
0
0
0,13991
-0,13991
-0,55964
-0,41973
-0,69955
-0,41973
-0,55964
-0,27982
-0,41973
0
0
0,13991
0
0
-0,41973
-0,55964
-0,27982
-0,83946
-0,55964
-0,27982
0,13991
0,13991
-0,27982
-0,41973
-0,27982
-0,83946
-0,83946
-1,11928
-2,23856
-2,65829
-2,93811
-3,63766
-3,07802
-2,7982
-2,7982
-2,23856
-1,53901
-0,27982
-0,13991
0,27982
0,27982
0,97937
0,97937
0,69955
0,69955
0,83946
0,83946
0,55964
0,13991
-0,27982
-0,27982
-0,83946
-0,83946
-1,3991
-1,53901
-1,95874
-1,95874
-1,95874
-2,09865
-1,3991
-0,97937
-0,83946
-0,27982
-0,27982
0,13991
0,55964
0,69955
0,69955
1,11928
0,97937
0,83946
0,97937
0,41973
0,55964
0,83946
0,83946
0,27982
0
-0,97937
-1,53901
-1,95874
-2,23856
-2,7982
-2,7982
-3,21793
-2,51838
-1,95874
-1,81883
-1,3991
-0,97937
-0,13991
0
0,55964
0,69955
0,41973
0,69955
0,41973
-0,83946
-1,3991
-1,67892
-2,23856
-2,37847
-2,7982
-2,51838
-2,37847
-2,37847
-1,81883
-1,11928
-0,13991
0,83946
1,11928
2,09865
2,37847
2,7982
3,21793
3,35784
2,7982
2,23856
1,25919
0,41973
-1,25919
-2,37847
-2,7982
-3,07802
-3,49775
-3,49775
-3,917481
-3,35784
-2,37847
-2,23856
-2,09865
-2,09865
-1,95874
-1,3991
-1,3991
-1,3991
-1,3991
-0,69955
-0,69955
0
0,13991
0,13991
0,27982
0,69955
0,41973
0,27982
0,27982
0
-0,27982
-0,55964
-1,3991
-1,11928
-1,67892
-2,23856
-2,09865
-1,67892
-1,25919
-1,53901
-1,53901
-1,11928
-0,97937
-0,69955
-0,41973
-0,27982
-0,13991
0,27982
0,13991
0,27982
-0,13991
-0,13991
-0,13991
-0,97937
-1,67892
-2,09865
-2,23856
-2,37847
-2,7982
-2,09865
-1,81883
-1,25919
-0,55964
-0,13991
0,13991
0,13991
0,83946
0,69955
0,83946
0,69955
0,97937
0,41973
0,13991
-0,55964
-0,97937
-0,97937
-0,97937
-1,53901
-1,53901
-1,67892
-1,11928
-0,69955
-0,27982
0,13991
-0,27982
1,25919
1,25919
1,11928
1,11928
1,11928
0,69955
0,27982
-0,13991
-1,11928
-1,11928
-1,95874
-2,37847
-2,37847
-2,51838
-2,37847
-2,23856
-2,37847
-2,09865
-1,25919
-0,41973
0,41973
0,83946
0,97937
0,97937
0,97937
1,11928
1,53901
0,97937
0,83946
0,55964
0,41973
0
-0,69955
-1,3991
-1,95874
-1,67892
-1,53901
-1,81883
-1,53901
-1,81883
-1,81883
-0,83946
-0,13991
0,55964
0,97937
1,81883
1,53901
1,81883
1,81883
1,95874
2,37847
1,81883
1,25919
0,69955
0,13991
-0,55964
-1,25919
-1,95874
-1,81883
-1,95874
-1,3991
-1,67892
-1,3991
-1,3991
-1,11928
-0,69955
-0,13991
0,55964
1,11928
1,11928
0,97937
1,11928
0,97937
0,55964
0,41973
0,55964
0,69955
0,41973
0,13991
0
0
0
-0,41973
-0,41973
-0,69955
-0,83946
-0,27982
-0,69955
-0,69955
-1,25919
-1,3991
-1,67892
-1,25919
-0,97937
-0,41973
-0,13991
0,13991
0,27982
0,69955
0,97937
0,83946
1,11928
0,69955
0,83946
0,41973
-0,27982
-0,97937
-1,11928
-0,83946
-0,69955
-1,11928
-1,25919
-1,53901
-1,11928
-0,69955
-0,13991
0,27982
0,55964
0,13991
0
-0,69955
-0,55964
-0,97937
-0,83946
-0,97937
-0,69955
-1,25919
-1,53901
-1,25919
-0,97937
-0,69955
-0,27982
0,55964
0,69955
1,53901
1,25919
1,11928
0,69955
0,27982
0,41973
0
-0,13991
-0,27982
-0,83946
-0,83946
-1,53901
-1,81883
-2,09865
-1,95874
-2,09865
-1,3991
-1,11928
-0,83946
-0,27982
0
0,41973
0,27982
0,27982
-0,13991
-0,13991
-0,27982
-0,55964
-0,83946
-1,3991
-0,83946
-0,69955
-0,97937
-0,69955
-0,83946
-0,69955
0
-0,13991
-0,27982
-0,41973
-0,55964
-0,69955
-1,53901
-1,53901
-0,97937
-1,11928
-0,69955
-0,41973
-0,41973
-0,55964
-0,41973
-0,83946
-0,69955
-0,41973
0
0,13991
0,41973
0,69955
0,27982
0,27982
0
-0,55964
-0,27982
0,13991
0,13991
0,13991
0
-0,13991
-0,13991
0,13991
0,27982
0,69955
0,41973
0,97937
0,27982
0,69955
0,55964
0,13991
-0,13991
0,13991
-0,13991
0
0,27982
0,13991
0,13991
0
0
-0,27982
-0,13991
0,13991
0,27982
0,41973
0
-0,27982
-0,55964
-0,69955
-0,27982
-0,55964
-0,27982
-0,13991
-0,13991
-0,13991
-0,41973
-0,41973
0
0,41973
0,69955
0,55964
0,41973
0,55964
0,41973
0,55964
0,97937
0,69955
0,69955
0
0
-0,83946
-0,13991
-0,55964
-0,55964
0,13991
-0,55964
-0,69955
-0,83946
-0,83946
-0,83946
-0,69955
0
0
0
-0,27982
-0,41973
-0,27982
-0,13991
-0,13991
0,41973
0,55964
0,97937
0
-0,41973
-1,3991
-1,25919
-1,25919
-1,3991
-1,11928
-1,25919
-0,97937
-1,11928
-1,11928
-0,83946
-0,13991
0,41973
1,67892
1,25919
1,3991
0,97937
0,13991
0
0,27982
0,13991
-0,13991
-0,41973
-0,13991
-1,11928
-1,11928
-1,11928
-1,53901
-1,25919
-0,83946
-1,11928
-0,97937
-0,97937
-0,83946
-0,97937
-0,69955
-0,69955
-0,41973
-0,41973
-0,27982
-0,55964
-0,69955
-1,3991
-0,83946
-1,11928
-0,41973
-0,27982
-0,55964
-1,25919
-1,53901
-1,3991
-1,25919
-1,81883
-3,35784
-3,35784
-2,7982
-0,27982
1,67892
1,67892
0
-0,69955
0,13991
0,41973
0,69955
0
-0,27982
-0,69955
-1,25919
-1,81883
-2,09865
-2,7982
-2,23856
-1,81883
-0,97937
-0,55964
-0,27982
-0,55964
-0,83946
-0,69955
-0,55964
0,41973
0,41973
0,55964
0,13991
0,13991
0,27982
0
-0,13991
-0,13991
0
-0,13991
-0,27982
-0,27982
-0,27982
-0,13991
0,13991
0,13991
0,27982
-0,13991
-0,27982
-0,55964
-0,41973
-0,69955
-0,83946
-0,55964
-0,41973
-0,13991
-0,27982
0
-0,13991
-0,27982
0
0,13991
0
0,13991
-0,13991
-0,55964
-0,13991
-0,27982
0,13991
-0,27982
-0,27982
-0,55964
-0,83946
-0,97937
-0,69955
-0,41973
0
-0,55964
-0,55964
-0,27982
-0,27982
0
0
0,41973
0,55964
-0,13991
-0,13991
-0,27982
-0,13991
-0,13991
-0,13991
-0,13991
0,41973
0,55964
0
0
0
-0,41973
-0,41973
0,13991
0
0,13991
-0,27982
-0,41973
-1,11928
-0,83946
-0,69955
-0,55964
-0,69955
-0,69955
-0,55964
-0,13991
0,13991
0,13991
0,27982
0,41973
0,69955
0,83946
1,25919
0,97937
1,11928
0,69955
0,55964
0,27982
0,41973
0,27982
0,13991
0
-0,83946
-1,3991
-1,81883
-1,67892
-1,95874
-1,95874
-1,3991
-0,83946
-0,13991
-0,27982
-0,13991
-0,69955
-0,69955
0
0,41973
0,41973
-0,13991
-0,41973
-0,27982
-0,13991
-0,41973
-0,41973
-0,27982
0
-0,27982
-0,69955
-0,55964
-0,13991
-0,27982
-0,27982
0,13991
0
0,83946
0,83946
0,55964
0,55964
0,69955
0,69955
0
0,27982
-0,13991
-0,55964
-0,27982
-0,69955
-0,55964
-0,55964
-0,97937
-0,83946
-1,11928
-0,41973
-0,55964
-0,69955
-0,83946
-0,69955
-0,97937
-0,27982
-0,69955
0
0,13991
0,13991
0,41973
-0,13991
0
-0,41973
-0,27982
-0,97937
-0,97937
-0,83946
-1,11928
-1,11928
-1,25919
-1,25919
-0,83946
-0,97937
-1,25919
-0,97937
-1,11928
-1,11928
-1,25919
-1,81883
-1,67892
-1,25919
-1,3991
-1,25919
-0,69955
-0,83946
-0,83946
-1,11928
-0,83946
-1,11928
-0,97937
-1,3991
-1,25919
-1,3991
-0,69955
-0,97937
-0,55964
-0,55964
-0,69955
-0,27982
-0,13991
-0,13991
-0,13991
-0,27982
-0,13991
0
-0,41973
-0,27982
-0,27982
-0,27982
-0,13991
-0,55964
-0,83946
-0,41973
-0,13991
0
-0,13991
-0,55964
-0,27982
-0,27982
-0,41973
0
0
0,27982
0
0,13991
0
0
0
-0,41973
-0,55964
-1,11928
-0,69955
-0,97937
-1,25919
-1,3991
-0,97937
-0,41973
-0,55964
-0,55964
-0,41973
-0,27982
-0,13991
-0,13991
-0,41973
-0,41973
-1,11928
-0,69955
-0,69955
-0,83946
-0,69955
-0,69955
-0,27982
-0,69955
-1,11928
-0,97937
-1,3991
-1,3991
-1,67892
-1,25919
-0,55964
-0,41973
0
-0,41973
-0,13991
-0,27982
0
0
-0,27982
-0,69955
-0,83946
-0,97937
-0,55964
-0,27982
-0,55964
-0,83946
-0,41973
0
0,13991
0,27982
0
0,27982
0,41973
0,27982
0
0,27982
0
0,55964
0,27982
0,27982
0,69955
0,83946
0,83946
1,11928
0,83946
0,83946
0,69955
0,41973
0,55964
0,27982
0,41973
0,27982
0,13991
0,41973
0,41973
-0,41973
-0,55964
-0,69955
-0,83946
-1,53901
-0,97937
-1,11928
-0,69955
-0,69955
-0,13991
0,13991
-0,13991
0,13991
0,69955
0,83946
1,3991
1,81883
1,67892
1,53901
1,3991
1,67892
1,25919
1,11928
0,69955
0,27982
0,41973
-0,13991
-0,41973
-0,69955
-0,41973
-0,69955
-0,69955
-0,83946
-0,55964
-0,27982
0,13991
-0,27982
-0,13991
0,27982
0,13991
-0,13991
0,27982
0
-0,27982
-0,27982
-0,55964
-0,41973
0
0,27982
-0,13991
-0,27982
-0,69955
-0,69955
-0,27982
-0,27982
-0,27982
-0,41973
-0,83946
-0,97937
-1,11928
-0,69955
-0,55964
0
-0,13991
0,41973
0,69955
0,13991
0
0
0,69955
0,97937
0,97937
0,83946
1,11928
1,25919
0,55964
0,55964
0,27982
0,27982
0,83946
0,55964
0,69955
0,55964
0,55964
0,83946
0,13991
0,41973
0,69955
1,11928
0,83946
0,97937
1,25919
0,27982
0,41973
0,41973
0,55964
0,41973
1,11928
1,25919
0,83946
0,83946
0,41973
0,13991
0,13991
0,13991
0,13991
0,27982
0
-0,41973
-0,41973
-0,13991
0,55964
0,27982
0,69955
0,97937
0,69955
0,55964
0,83946
0,97937
1,11928
0,97937
0,83946
0,97937
0,55964
0,69955
0,83946
1,11928
0,55964
0,69955
0,69955
0,27982
0,27982
0,27982
-0,13991
0
0,13991
0,41973
0
0,41973
0,13991
0,55964
0,69955
0,69955
1,25919
1,25919
1,3991
1,25919
0,83946
0,69955
0,41973
0,55964
0,41973
0,83946
0,41973
0,27982
-0,27982
-0,83946
-0,69955
-0,83946
-0,69955
-0,83946
-0,97937
-0,55964
-0,97937
-0,97937
-1,53901
-1,67892
-1,25919
-0,83946
-0,83946
-0,55964
-0,83946
-0,55964
-0,69955
-0,13991
-0,55964
-0,27982
-0,13991
0
0,27982
0
-0,13991
0,13991
-0,27982
-0,41973
-0,69955
-0,83946
-1,25919
-1,11928
-0,97937
-1,3991
-0,97937
-0,69955
-0,97937
-0,83946
-0,97937
-1,11928
-1,11928
-1,25919
-1,25919
-1,25919
-1,81883
-1,67892
-1,81883
-1,67892
-1,67892
-1,3991
-0,83946
-0,69955
-0,69955
-0,83946
-0,83946
-0,97937
-1,25919
-1,11928
-0,97937
-1,25919
-1,25919
-1,11928
-1,11928
-0,69955
-1,11928
-0,83946
-0,55964
-0,27982
0,27982
-0,13991
-0,27982
-0,27982
-0,27982
-0,13991
-0,69955
-0,41973
-0,41973
-0,55964
-0,55964
-0,55964
-0,69955
-0,41973
-0,41973
-0,55964
-0,69955
-0,69955
-0,13991
-0,41973
-0,27982
-0,69955
-0,13991
-0,27982
-0,27982
-0,13991
0,13991
-0,27982
0
0,13991
-0,41973
0,13991
0,27982
0,13991
0,55964
0,55964
0,41973
0,41973
0,41973
0,55964
0,55964
0,41973
0,41973
0,41973
0,41973
0,55964
0,27982
0,13991
0,27982
0,41973
0,27982
0,27982
0,41973
0,13991
0,55964
0,41973
0,27982
0,27982
0,69955
0,83946
1,11928
0,97937
0,41973
0,13991
0,41973
0,27982
-0,41973
-0,41973
-0,13991
-0,27982
-0,55964
-0,69955
-0,55964
-0,97937
-0,83946
-0,41973
0,13991
0,13991
-0,27982
-0,13991
-0,41973
-0,13991
-0,55964
-0,55964
-0,55964
-0,55964
-0,41973
-0,27982
-0,13991
0,13991
0
0,27982
-0,13991
0
0,27982
0,41973
0,13991
0,27982
-0,41973
-0,55964
-0,55964
-0,27982
-0,13991
0
0,13991
0
0
-0,13991
0,13991
-0,13991
0
-0,13991
0
0
0
0
0
-0,13991
-0,27982
-0,55964
-0,13991
-0,13991
0,27982
0,41973
0,27982
0,69955
0,41973
0,41973
0,27982
0,55964
0,69955
0,27982
0,13991
-0,13991
0,27982
-0,41973
0
-0,27982
-0,13991
0,13991
-0,55964
-0,55964
-0,27982
0
0,13991
-0,13991
-0,27982
-0,27982
0
-0,13991
-0,13991
-0,13991
-0,13991
-0,13991
0
-0,13991
-0,41973
-0,13991
0,41973
0,27982
0,27982
0,13991
0,41973
0,27982
0,55964
0,13991
0,41973
0,27982
0,41973
0,69955
0,83946
0,27982
0,13991
-0,13991
-0,13991
0,13991
0,13991
0
0
0
0
-0,27982
0
0,13991
0
0,13991
0,41973
0,41973
0,55964
0,13991
0,41973
-0,13991
0,41973
0,27982
0,27982
0,55964
0
0,55964
0,69955
0,69955
0,55964
0,13991
0,55964
0,41973
0,69955
0,55964
0,41973
0,13991
-0,13991
0
0
0,41973
0,55964
0,41973
0,27982
0,69955
0,83946
0,69955
1,11928
0,83946
0,83946
0,55964
0,55964
0,69955
0,55964
0,69955
0,13991
0,13991
-0,41973
-0,83946
-0,41973
-0,69955
-0,41973
-0,13991
0,13991
0,13991
0,13991
0,69955
0,69955
0,41973
0,41973
0,13991
0,13991
-0,41973
-0,13991
-0,27982
-0,27982
0
-0,13991
0,69955
0,83946
0,97937
0,97937
-0,27982
-0,69955
-1,25919
-0,41973
0,69955
1,95874
1,95874
0,69955
-1,11928
-2,65829
-3,35784
-3,21793
-2,7982
-2,23856
-1,11928
-1,11928
-0,83946
-0,69955
0,13991
0,13991
1,53901
2,37847
3,35784
4,337211
3,77757
1,95874
1,11928
0,27982
0
-0,55964
-0,83946
-0,97937
-1,3991
-2,37847
-3,07802
-3,21793
-2,93811
-2,37847
-1,81883
-0,83946
-0,27982
0,55964
0,97937
0,83946
0,13991
0,27982
0,83946
1,53901
2,37847
2,7982
2,51838
2,09865
1,53901
0,55964
-0,83946
-1,11928
-1,11928
-1,25919
-1,25919
-1,3991
-2,37847
-2,51838
-2,23856
-1,95874
-1,25919
-0,55964
-0,13991
-0,27982
-0,97937
-0,13991
0,27982
1,11928
1,25919
1,3991
0
-1,25919
-1,3991
-0,97937
0,13991
1,25919
2,23856
1,95874
0,83946
-0,83946
-2,65829
-3,21793
-2,37847
-0,83946
0
0,27982
0,69955
0,69955
0,55964
0,13991
-0,13991
0
0,13991
-0,83946
-1,25919
-2,23856
-1,53901
-1,11928
0,13991
1,81883
2,93811
3,21793
3,21793
2,93811
2,09865
1,3991
0,13991
-0,55964
-0,55964
-0,97937
-1,95874
-3,21793
-3,35784
-3,07802
-1,95874
-0,27982
1,3991
2,93811
3,63766
3,63766
2,51838
1,67892
0,27982
-0,13991
-0,13991
0,13991
0,13991
-0,13991
-0,69955
-1,11928
-1,67892
-1,81883
-2,51838
-2,65829
-2,65829
-2,09865
-1,53901
-0,41973
0
0,83946
1,11928
1,3991
1,95874
2,51838
2,65829
1,95874
0,41973
-1,3991
-2,23856
-1,95874
-1,3991
-1,25919
-1,11928
-0,83946
-0,41973
0,27982
0,83946
0,41973
0,27982
0,13991
0,27982
-0,41973
-0,55964
-0,97937
-0,83946
-0,69955
-0,13991
0,69955
0,97937
1,3991
1,53901
1,25919
0,55964
0,41973
0
-0,41973
-0,83946
-0,83946
-0,69955
-0,41973
-0,13991
-0,41973
-0,69955
-0,83946
-0,27982
-0,13991
-0,55964
-0,41973
-0,55964
-1,11928
-0,83946
-0,55964
-0,41973
0,55964
1,25919
1,53901
1,11928
0,55964
-0,55964
-0,83946
-1,3991
-1,67892
-1,67892
-1,11928
-0,83946
-0,27982
-0,41973
-0,55964
-0,27982
-0,27982
-0,41973
0,13991
0,13991
0,55964
0,41973
0,97937
0,83946
0,41973
0,41973
0,13991
0,41973
0,13991
-0,41973
-0,69955
-0,41973
-0,69955
-0,55964
-0,69955
-0,83946
-0,97937
-0,97937
-0,97937
-0,97937
-0,97937
-0,97937
-0,83946
-0,27982
0,41973
0,27982
0,27982
0,27982
0,55964
0,13991
-0,13991
0
0,27982
0,55964
0,41973
0,55964
-0,27982
-0,27982
-0,69955
-0,83946
-0,69955
-0,41973
-0,41973
-0,83946
-0,55964
-0,27982
-0,13991
-0,27982
0
0,27982
0,83946
0,83946
0,41973
0
0,27982
0
0,13991
0
0,13991
0,13991
0,27982
-0,27982
-0,13991
-0,27982
-0,69955
-0,69955
-0,97937
-1,3991
-0,97937
-0,55964
-0,55964
-0,55964
-0,41973
0
0,13991
0,55964
1,11928
1,3991
0,97937
1,11928
0,41973
0,27982
0,41973
0,41973
0
-0,27982
-0,41973
-0,69955
-1,11928
-1,11928
-1,67892
-1,3991
-0,69955
-0,41973
-0,13991
0,27982
0,55964
0,69955
0,41973
0,41973
0,41973
0,55964
1,11928
0,83946
0,83946
0,55964
-0,13991
-0,83946
-1,25919
-1,53901
-1,67892
-1,11928
-0,69955
-0,83946
-0,55964
-1,11928
-0,41973
-0,27982
0
0
0,13991
0,69955
0,69955
0,69955
0,55964
0,41973
0,41973
0,13991
-0,55964
-0,69955
-1,53901
-1,81883
-1,3991
-1,25919
-1,11928
-0,13991
0,13991
-0,41973
-0,27982
-0,27982
-0,55964
-0,41973
-0,41973
-0,27982
0
-0,27982
0
-0,13991
-0,13991
-0,69955
-0,55964
-0,41973
-0,41973
0,13991
-0,69955
-0,83946
-0,69955
-0,27982
-0,69955
-0,13991
0
0,13991
0
-0,27982
-0,41973
-0,13991
-0,27982
-0,55964
-0,55964
-0,13991
-0,27982
-0,13991
-0,13991
-0,13991
-0,41973
-0,41973
-0,41973
-0,41973
-0,69955
-0,41973
-0,27982
-0,13991
-0,13991
0,41973
0,13991
0
0
0
0
-0,41973
-0,55964
-0,27982
-0,83946
-0,97937
-0,41973
-0,83946
-0,55964
-0,69955
-0,13991
-0,41973
-0,69955
-0,97937
-1,11928
-0,83946
-0,69955
-0,13991
-0,13991
-0,13991
-0,13991
-0,13991
-0,13991
0,27982
0,55964
0,41973
0,27982
0,41973
0,27982
0
0,13991
0
-0,13991
-0,13991
0
-0,13991
0,27982
0,13991
0,27982
0
0,27982
0
0,13991
0,27982
0,41973
0,55964
0,13991
0,55964
0,27982
0,55964
0,69955
0,97937
0,27982
0,13991
-0,27982
-0,13991
-0,41973
-0,83946
-0,97937
-0,69955
-0,83946
-0,69955
-0,83946
-0,55964
-0,69955
-0,27982
-0,13991
-0,41973
0,13991
0
0
-0,13991
0
-0,27982
0,13991
-0,13991
0
-0,27982
-0,41973
-0,55964
-0,83946
-0,41973
-0,27982
-0,69955
-0,41973
-0,69955
-0,83946
-0,55964
-0,55964
-0,27982
-0,13991
-0,27982
-0,41973
-0,41973
0
-0,27982
0,13991
0,27982
-0,13991
-0,13991
-0,41973
-0,83946
-0,83946
-0,27982
-0,55964
-0,27982
0
-0,27982
-0,27982
-0,69955
-0,69955
-0,69955
-0,41973
0
0
-0,41973
-0,55964
0
0
-0,55964
-0,41973
-0,13991
-0,13991
-0,27982
-0,27982
-0,41973
-0,41973
-0,97937
-0,55964
-0,27982
-0,13991
0,13991
0,27982
-0,13991
0,13991
0
-0,13991
-0,13991
-0,27982
0,13991
0,27982
0,13991
-0,13991
0,27982
-0,27982
-0,27982
0
0
0
-0,27982
0
-0,27982
-0,41973
-0,41973
-0,83946
-0,55964
-0,27982
0
0,13991
0
-0,13991
-0,13991
-0,27982
-0,27982
0
0,13991
0,27982
0,13991
0,27982
0
0
-0,13991
-0,41973
-0,13991
-0,41973
0,13991
0
-0,13991
0
-0,13991
0
0,13991
0,13991
0,41973
0,27982
0,13991
0,41973
0
0
0,41973
0,27982
0,27982
0,13991
0,13991
-0,69955
-0,27982
-0,69955
-0,41973
-0,13991
0
-0,55964
-0,13991
-0,55964
-0,27982
-0,55964
-0,69955
-0,13991
0,27982
0
0,13991
0,13991
0,13991
0,41973
0
0
0
0,27982
0,41973
0
-0,27982
-0,41973
-0,27982
-0,83946
-0,83946
-0,13991
-0,41973
0
0
-0,13991
0,13991
0,27982
0,83946
0,41973
0,83946
0,83946
0,55964
0,27982
0,13991
0
0,41973
-0,27982
-0,27982
-0,27982
-0,41973
-0,13991
-0,55964
-0,97937
-1,11928
-1,11928
-0,69955
-0,69955
-0,69955
-0,55964
0,13991
0
0
-0,27982
0,13991
0,41973
0,13991
-0,13991
0,13991
0,27982
0
-0,55964
-0,69955
-0,83946
-0,69955
-0,41973
-0,97937
-0,83946
-0,69955
-0,69955
-0,41973
-0,27982
-0,41973
-0,27982
-0,69955
0
-0,27982
-0,13991
-0,55964
-0,13991
-0,27982
-0,13991
-0,27982
-0,13991
-0,41973
-0,27982
-0,41973
-0,83946
-0,55964
-0,55964
-0,41973
-0,27982
-0,13991
-0,55964
-0,41973
